1071 1150 
408 0 0.000466978 0.091444
412 0 0.000466978 0.0887694
415 0 0.000466978 0.100265
548 0 0.000466978 0.0943663
477 1 0.000444243 0.0161245
504 1 0.000444243 0.0941541
516 1 0.000444243 0.10959
575 1 0.000444243 0.133195
415 2 0.000517349 0.0921792
453 2 0.000517349 0.076922
473 2 0.000517349 0.103175
477 2 0.000517349 0.136015
481 2 0.000517349 0.0411096
397 3 0.000477600 0.114769
432 3 0.000477600 0.0764003
440 3 0.000477600 0.100404
509 3 0.000477600 0.0559017
376 4 0.000380609 0.139488
407 4 0.000380609 0.109275
412 4 0.000380609 0.138105
432 4 0.000380609 0.119708
474 4 0.000380609 0.139176
499 4 0.000380609 0.0381838
538 4 0.000380609 0.124471
540 4 0.000380609 0.0803057
564 4 0.000380609 0.13
449 5 0.000586481 0.086093
498 5 0.000586481 0.144838
534 5 0.000586481 0.108231
555 5 0.000586481 0.0954254
376 6 0.000401445 0.142773
397 6 0.000401445 0.131469
408 6 0.000401445 0.0990051
417 6 0.000401445 0.0949368
472 6 0.000401445 0.0430116
510 6 0.000401445 0.128577
397 7 0.000748587 0.128129
474 7 0.000748587 0.0631506
499 7 0.000748587 0.106301
408 8 0.000172201 0.101789
412 8 0.000172201 0.115122
436 8 0.000172201 0.0835464
444 8 0.000172201 0.112712
449 8 0.000172201 0.0462709
506 8 0.000172201 0.08544
528 8 0.000172201 0.120934
564 8 0.000172201 0.109882
570 8 0.000172201 0.145715
380 9 0.000092521 0.140032
441 9 0.000092521 0.0714003
446 9 0.000092521 0.118533
471 9 0.000092521 0.120669
481 9 0.000092521 0.0642806
516 9 0.000092521 0.0581378
556 9 0.000092521 0.106066
412 10 0.000402927 0.105849
426 10 0.000402927 0.0887525
453 10 0.000402927 0.0502494
472 10 0.000402927 0.0455412
500 10 0.000402927 0.136624
532 10 0.000402927 0.131947
398 11 0.000827690 0.112018
417 11 0.000827690 0.149013
477 11 0.000827690 0.0623699
407 12 0.000167414 0.129619
436 12 0.000167414 0.0765376
452 12 0.000167414 0.115871
467 12 0.000167414 0.118878
484 12 0.000167414 0.132061
504 12 0.000167414 0.131034
526 12 0.000167414 0.0912634
534 12 0.000167414 0.065
408 13 0.000747927 0.117393
412 13 0.000747927 0.107019
452 13 0.000747927 0.0599333
436 14 0.000374247 0.1214
471 14 0.000374247 0.0835703
472 14 0.000374247 0.0308058
477 14 0.000374247 0.119854
499 14 0.000374247 0.0560892
516 14 0.000374247 0.0281603
526 14 0.000374247 0.142622
408 15 0.000707408 0.13813
436 15 0.000707408 0.0760592
444 15 0.000707408 0.0776981
569 15 0.000707408 0.10959
401 16 0.000496561 0.148122
407 16 0.000496561 0.116017
504 16 0.000496561 0.0523927
509 16 0.000496561 0.0434626
555 16 0.000496561 0.0815966
407 17 0.000312967 0.129283
408 17 0.000312967 0.131034
441 17 0.000312967 0.107564
452 17 0.000312967 0.139989
467 17 0.000312967 0.102318
474 17 0.000312967 0.142972
526 17 0.000312967 0.0672012
555 17 0.000312967 0.0817068
604 17 0.000312967 0.149893
397 18 0.000222014 0.131034
398 18 0.000222014 0.140036
407 18 0.000222014 0.119365
436 18 0.000222014 0.0827103
440 18 0.000222014 0.130801
477 18 0.000222014 0.028
481 18 0.000222014 0.0977446
504 18 0.000222014 0.0717008
509 18 0.000222014 0.025
534 18 0.000222014 0.0953834
555 18 0.000222014 0.075326
397 19 0.000236508 0.144028
449 19 0.000236508 0.128631
504 19 0.000236508 0.0332415
515 19 0.000236508 0.0747262
526 19 0.000236508 0.043909
534 19 0.000236508 0.130384
538 19 0.000236508 0.0583095
540 19 0.000236508 0.0992975
555 19 0.000236508 0.0871321
417 20 0.000395670 0.114948
452 20 0.000395670 0.0898053
496 20 0.000395670 0.132015
499 20 0.000395670 0.0361248
516 20 0.000395670 0.0256125
540 20 0.000395670 0.079196
575 20 0.000395670 0.104752
604 20 0.000395670 0.140698
452 21 0.000580380 0.0652534
453 21 0.000580380 0.0659242
481 21 0.000580380 0.0883233
600 21 0.000580380 0.134093
408 22 0.000210460 0.121062
412 22 0.000210460 0.131034
415 22 0.000210460 0.147922
417 22 0.000210460 0.110422
436 22 0.000210460 0.10102
453 22 0.000210460 0.139531
484 22 0.000210460 0.111629
499 22 0.000210460 0.0171172
509 22 0.000210460 0.0613922
528 22 0.000210460 0.109563
534 22 0.000210460 0.0450999
556 22 0.000210460 0.149586
564 22 0.000210460 0.0897385
408 23 0.000342491 0.137354
449 23 0.000342491 0.1114
509 23 0.000342491 0.14151
534 23 0.000342491 0.0895545
548 23 0.000342491 0.0642573
564 23 0.000342491 0.104293
570 23 0.000342491 0.0923472
397 24 0.000436587 0.138051
436 24 0.000436587 0.0926121
477 24 0.000436587 0.068
538 24 0.000436587 0.131309
498 25 0.000653090 0.0850235
534 25 0.000653090 0.14904
555 25 0.000653090 0.0968969
471 26 0.000484264 0.111893
540 26 0.000484264 0.110023
548 26 0.000484264 0.0541479
556 26 0.000484264 0.095462
412 27 0.000768845 0.130115
473 27 0.000768845 0.125718
589 27 0.000768845 0.10617
604 27 0.000768845 0.13228
436 28 0.000467317 0.0970206
441 28 0.000467317 0.133004
449 28 0.000467317 0.0967988
474 28 0.000467317 0.13074
506 28 0.000467317 0.138091
587 28 0.000467317 0.0991817
415 29 0.000505959 0.147872
452 29 0.000505959 0.101213
453 29 0.000505959 0.13
496 29 0.000505959 0.13534
570 29 0.000505959 0.102728
604 29 0.000505959 0.124036
432 30 0.000578693 0.113635
471 30 0.000578693 0.0813449
499 30 0.000578693 0.0833607
537 30 0.000578693 0.139488
555 30 0.000578693 0.0617414
417 31 0.000263044 0.138293
432 31 0.000263044 0.123713
440 31 0.000263044 0.143628
441 31 0.000263044 0.149305
471 31 0.000263044 0.0696348
504 31 0.000263044 0.0717008
515 31 0.000263044 0.111005
534 31 0.000263044 0.0872812
555 31 0.000263044 0.0554437
564 31 0.000263044 0.123146
569 31 0.000263044 0.0801124
587 31 0.000263044 0.0968762
472 32 0.000438955 0.0707672
473 32 0.000438955 0.0756902
484 32 0.000438955 0.0374833
499 32 0.000438955 0.122053
564 32 0.000438955 0.107168
589 32 0.000438955 0.114612
436 33 0.001045542 0.11697
481 33 0.001045542 0.140089
498 33 0.001045542 0.108503
526 33 0.001045542 0.0276586
471 34 0.000613582 0.0580345
481 34 0.000613582 0.0720069
515 34 0.000613582 0.149
516 34 0.000613582 0.077
534 34 0.000613582 0.0519711
436 35 0.000231479 0.107912
449 35 0.000231479 0.0859884
452 35 0.000231479 0.13306
467 35 0.000231479 0.131488
471 35 0.000231479 0.0610328
484 35 0.000231479 0.1364
534 35 0.000231479 0.0353836
548 35 0.000231479 0.0894707
555 35 0.000231479 0.0749667
564 35 0.000231479 0.080455
604 35 0.000231479 0.122784
615 35 0.000231479 0.132098
471 36 0.000266343 0.0729452
496 36 0.000266343 0.115732
528 36 0.000266343 0.103576
555 36 0.000266343 0.0890505
564 36 0.000266343 0.0686222
575 36 0.000266343 0.0771298
589 36 0.000266343 0.107331
471 37 0.000104388 0.117661
477 37 0.000104388 0.0800562
538 37 0.000104388 0.0300167
576 37 0.000104388 0.0790569
599 37 0.000104388 0.121672
624 37 0.000104388 0.142215
426 38 0.000273982 0.132004
441 38 0.000273982 0.110463
452 38 0.000273982 0.087023
453 38 0.000273982 0.0939415
469 38 0.000273982 0.145362
497 38 0.000273982 0.105759
532 38 0.000273982 0.132371
548 38 0.000273982 0.0466154
570 38 0.000273982 0.0701142
575 38 0.000273982 0.126827
619 38 0.000273982 0.133843
449 39 0.000239057 0.115256
453 39 0.000239057 0.105437
497 39 0.000239057 0.126495
510 39 0.000239057 0.0758024
564 39 0.000239057 0.0757166
565 39 0.000239057 0.136077
600 39 0.000239057 0.116456
619 39 0.000239057 0.132136
441 40 0.000367669 0.109225
496 40 0.000367669 0.146492
510 40 0.000367669 0.111803
536 40 0.000367669 0.140602
555 40 0.000367669 0.109563
589 40 0.000367669 0.0870976
636 40 0.000367669 0.145003
449 41 0.000188671 0.11277
484 41 0.000188671 0.0824621
497 41 0.000188671 0.146014
526 41 0.000188671 0.143056
534 41 0.000188671 0.044643
556 41 0.000188671 0.0934719
564 41 0.000188671 0.0590931
588 41 0.000188671 0.131366
417 42 0.000334639 0.14893
436 42 0.000334639 0.118017
441 42 0.000334639 0.148165
540 42 0.000334639 0.0306105
587 42 0.000334639 0.0782304
589 42 0.000334639 0.1364
597 42 0.000334639 0.117614
436 43 0.000442308 0.123081
471 43 0.000442308 0.0766877
516 43 0.000442308 0.0614003
528 43 0.000442308 0.126063
538 43 0.000442308 0.118229
548 43 0.000442308 0.0857263
570 43 0.000442308 0.126562
597 43 0.000442308 0.143283
481 44 0.000277055 0.129769
499 44 0.000277055 0.0891572
504 44 0.000277055 0.0595399
509 44 0.000277055 0.045793
516 44 0.000277055 0.135204
555 44 0.000277055 0.0444072
564 44 0.000277055 0.130924
569 44 0.000277055 0.0557853
597 44 0.000277055 0.0980816
453 45 0.000602447 0.100807
481 45 0.000602447 0.110114
506 45 0.000602447 0.0396232
516 45 0.000602447 0.0732462
623 45 0.000602447 0.138192
570 46 0.001075504 0.141693
604 46 0.001075504 0.110494
635 46 0.001075504 0.139904
477 47 0.000253647 0.079177
498 47 0.000253647 0.114826
555 47 0.000253647 0.055
564 47 0.000253647 0.146731
568 47 0.000253647 0.114935
575 47 0.000253647 0.114237
509 48 0.000461250 0.0336006
564 48 0.000461250 0.112308
569 48 0.000461250 0.0607454
589 48 0.000461250 0.149893
597 48 0.000461250 0.103586
615 48 0.000461250 0.117745
449 49 0.000916729 0.108853
477 49 0.000916729 0.116211
526 49 0.000916729 0.109073
471 50 0.000442128 0.127016
499 50 0.000442128 0.126811
509 50 0.000442128 0.0826378
547 50 0.000442128 0.052811
569 50 0.000442128 0.0536656
574 50 0.000442128 0.134332
436 51 0.000428368 0.135772
528 51 0.000428368 0.108042
534 51 0.000428368 0.00921954
548 51 0.000428368 0.0664831
564 51 0.000428368 0.0521536
575 51 0.000428368 0.0553173
587 51 0.000428368 0.0936056
635 51 0.000428368 0.146414
452 52 0.000304806 0.108116
481 52 0.000304806 0.100449
484 52 0.000304806 0.0667308
499 52 0.000304806 0.113088
548 52 0.000304806 0.0344819
588 52 0.000304806 0.0938616
623 52 0.000304806 0.141174
636 52 0.000304806 0.146014
473 53 0.000416393 0.119004
499 53 0.000416393 0.0970464
509 53 0.000416393 0.133881
516 53 0.000416393 0.0436005
555 53 0.000416393 0.145715
619 53 0.000416393 0.111
471 54 0.000418556 0.130832
499 54 0.000418556 0.0868389
540 54 0.000418556 0.0910494
575 54 0.000418556 0.0849058
589 54 0.000418556 0.0662722
481 55 0.000348067 0.0810247
526 55 0.000348067 0.131107
528 55 0.000348067 0.070406
536 55 0.000348067 0.136235
548 55 0.000348067 0.0259615
556 55 0.000348067 0.0990404
570 55 0.000348067 0.0682422
600 55 0.000348067 0.106888
481 56 0.000256521 0.111803
504 56 0.000256521 0.102474
509 56 0.000256521 0.0440114
516 56 0.000256521 0.103247
526 56 0.000256521 0.0411825
576 56 0.000256521 0.11179
449 57 0.000257888 0.124036
471 57 0.000257888 0.0973242
481 57 0.000257888 0.090802
540 57 0.000257888 0.0131529
548 57 0.000257888 0.0820975
564 57 0.000257888 0.0549181
569 57 0.000257888 0.0952733
589 57 0.000257888 0.0943663
604 57 0.000257888 0.086977
615 57 0.000257888 0.0940479
504 58 0.000685119 0.0599083
537 58 0.000685119 0.117427
599 58 0.000685119 0.105361
604 58 0.000685119 0.147275
606 58 0.000685119 0.144031
436 59 0.000509687 0.145331
515 59 0.000509687 0.100846
516 59 0.000509687 0.1386
534 59 0.000509687 0.101833
587 59 0.000509687 0.0640078
640 59 0.000509687 0.129757
444 60 0.000641960 0.134974
534 60 0.000641960 0.0845281
569 60 0.000641960 0.0445982
624 60 0.000641960 0.132774
516 61 0.000147519 0.0740608
534 61 0.000147519 0.0943663
540 61 0.000147519 0.133135
556 61 0.000147519 0.0364005
565 61 0.000147519 0.0917061
570 61 0.000147519 0.0327567
575 61 0.000147519 0.119549
509 62 0.000515384 0.0515461
534 62 0.000515384 0.04998
555 62 0.000515384 0.0310161
570 62 0.000515384 0.136565
587 62 0.000515384 0.0568595
613 62 0.000515384 0.101872
452 63 0.000335526 0.144627
509 63 0.000335526 0.0870919
569 63 0.000335526 0.12832
570 63 0.000335526 0.083006
589 63 0.000335526 0.0665733
604 63 0.000335526 0.0773175
613 63 0.000335526 0.139463
619 63 0.000335526 0.110454
643 63 0.000335526 0.131214
471 64 0.000369409 0.107856
472 64 0.000369409 0.117047
484 64 0.000369409 0.144267
526 64 0.000369409 0.0930054
548 64 0.000369409 0.0660681
555 64 0.000369409 0.0656201
556 64 0.000369409 0.138362
600 64 0.000369409 0.132401
619 64 0.000369409 0.120615
467 65 0.001024341 0.106005
597 65 0.001024341 0.0642806
635 65 0.001024341 0.134239
499 66 0.000358208 0.111503
509 66 0.000358208 0.144669
556 66 0.000358208 0.0557315
600 66 0.000358208 0.0743236
623 66 0.000358208 0.132966
452 67 0.000323499 0.137102
453 67 0.000323499 0.149883
484 67 0.000323499 0.105152
499 67 0.000323499 0.0983107
509 67 0.000323499 0.127456
534 67 0.000323499 0.0567979
587 67 0.000323499 0.128752
589 67 0.000323499 0.0483735
636 67 0.000323499 0.110635
481 68 0.000349975 0.101607
536 68 0.000349975 0.139058
570 68 0.000349975 0.0588218
587 68 0.000349975 0.107336
588 68 0.000349975 0.121491
604 68 0.000349975 0.069857
615 68 0.000349975 0.103276
477 69 0.000139885 0.113296
496 69 0.000139885 0.0793095
499 69 0.000139885 0.126827
547 69 0.000139885 0.068884
555 69 0.000139885 0.0470956
575 69 0.000139885 0.104139
599 69 0.000139885 0.0918314
606 69 0.000139885 0.132593
613 69 0.000139885 0.0765376
624 69 0.000139885 0.097949
477 70 0.000641443 0.118596
526 70 0.000641443 0.0776981
555 70 0.000641443 0.0422966
600 70 0.000641443 0.1467
656 70 0.000641443 0.142695
477 71 0.000214074 0.110476
504 71 0.000214074 0.0886002
537 71 0.000214074 0.140464
538 71 0.000214074 0.0502494
569 71 0.000214074 0.0192094
587 71 0.000214074 0.0467547
624 71 0.000214074 0.107448
635 71 0.000214074 0.103407
467 72 0.000223011 0.144779
477 72 0.000223011 0.1114
496 72 0.000223011 0.0992975
499 72 0.000223011 0.0867698
504 72 0.000223011 0.117801
516 72 0.000223011 0.109836
526 72 0.000223011 0.058
575 72 0.000223011 0.0429535
576 72 0.000223011 0.109659
624 72 0.000223011 0.136821
636 72 0.000223011 0.131795
640 72 0.000223011 0.127315
643 72 0.000223011 0.120702
452 73 0.000540275 0.143684
516 73 0.000540275 0.0862786
588 73 0.000540275 0.0628013
661 73 0.000540275 0.141739
467 74 0.000905507 0.135956
599 74 0.000905507 0.1253
635 74 0.000905507 0.0968762
449 75 0.000518883 0.148354
556 75 0.000518883 0.118207
575 75 0.000518883 0.034
613 75 0.000518883 0.128472
628 75 0.000518883 0.146031
467 76 0.000536435 0.127035
499 76 0.000536435 0.149773
505 76 0.000536435 0.147665
537 76 0.000536435 0.10139
540 76 0.000536435 0.108522
615 76 0.000536435 0.121264
635 76 0.000536435 0.118562
471 77 0.000432108 0.129031
587 77 0.000432108 0.065307
604 77 0.000432108 0.0545711
615 77 0.000432108 0.0706824
663 77 0.000432108 0.14046
473 78 0.000434827 0.14367
570 78 0.000434827 0.0114018
623 78 0.000434827 0.114865
650 78 0.000434827 0.110887
661 78 0.000434827 0.142239
484 79 0.000248840 0.116362
534 79 0.000248840 0.0724224
540 79 0.000248840 0.104043
564 79 0.000248840 0.04
589 79 0.000248840 0.0340147
603 79 0.000248840 0.146441
623 79 0.000248840 0.128456
636 79 0.000248840 0.0964624
650 79 0.000248840 0.1136
481 80 0.001103668 0.122025
548 80 0.001103668 0.0366742
613 80 0.001103668 0.149486
504 81 0.000322207 0.0974936
547 81 0.000322207 0.0873212
569 81 0.000322207 0.0072111
575 81 0.000322207 0.0890225
599 81 0.000322207 0.0931075
640 81 0.000322207 0.0916788
668 81 0.000322207 0.142664
471 82 0.000391596 0.134034
496 82 0.000391596 0.120433
516 82 0.000391596 0.108904
526 82 0.000391596 0.0792465
540 82 0.000391596 0.0404475
570 82 0.000391596 0.132015
615 82 0.000391596 0.0552268
472 83 0.000356946 0.134629
516 83 0.000356946 0.0782624
528 83 0.000356946 0.0984733
564 83 0.000356946 0.00905539
569 83 0.000356946 0.134093
528 84 0.000651139 0.0580086
532 84 0.000651139 0.126115
681 84 0.000651139 0.141428
467 85 0.000650001 0.140357
477 85 0.000650001 0.137641
587 85 0.000650001 0.0628172
656 85 0.000650001 0.113842
659 85 0.000650001 0.121248
481 86 0.000313792 0.129402
509 86 0.000313792 0.0940213
526 86 0.000313792 0.0973088
564 86 0.000313792 0.045607
600 86 0.000313792 0.131472
604 86 0.000313792 0.0482597
615 86 0.000313792 0.0534509
656 86 0.000313792 0.128701
481 87 0.000340607 0.14895
509 87 0.000340607 0.0872067
599 87 0.000340607 0.13025
604 87 0.000340607 0.0810062
615 87 0.000340607 0.0573062
636 87 0.000340607 0.123693
674 87 0.000340607 0.149094
509 88 0.000282228 0.0924446
516 88 0.000282228 0.145908
547 88 0.000282228 0.110309
568 88 0.000282228 0.135447
589 88 0.000282228 0.133959
604 88 0.000282228 0.0973088
624 88 0.000282228 0.100603
656 88 0.000282228 0.105233
674 88 0.000282228 0.138924
471 89 0.000250020 0.148762
499 89 0.000250020 0.103576
516 89 0.000250020 0.0915478
526 89 0.000250020 0.118714
528 89 0.000250020 0.11957
556 89 0.000250020 0.132442
564 89 0.000250020 0.0270185
597 89 0.000250020 0.136312
650 89 0.000250020 0.130817
656 89 0.000250020 0.138773
663 89 0.000250020 0.120341
499 90 0.000410465 0.132004
516 90 0.000410465 0.0923472
564 90 0.000410465 0.045618
603 90 0.000410465 0.140036
636 90 0.000410465 0.0782943
484 91 0.000464184 0.128655
499 91 0.000464184 0.145691
536 91 0.000464184 0.104623
548 91 0.000464184 0.0528394
563 91 0.000464184 0.141718
564 91 0.000464184 0.065146
474 92 0.001515703 0.144554
569 92 0.001515703 0.0380132
484 93 0.000702422 0.147597
575 93 0.000702422 0.0618466
676 93 0.000702422 0.124197
681 93 0.000702422 0.14599
499 94 0.000639519 0.142436
575 94 0.000639519 0.0886454
613 94 0.000639519 0.0359026
668 94 0.000639519 0.124908
516 95 0.000268748 0.131552
538 95 0.000268748 0.104623
547 95 0.000268748 0.141693
564 95 0.000268748 0.0825409
570 95 0.000268748 0.146513
576 95 0.000268748 0.110168
615 95 0.000268748 0.0402492
656 95 0.000268748 0.0997246
663 95 0.000268748 0.146509
509 96 0.000153847 0.131655
526 96 0.000153847 0.142836
540 96 0.000153847 0.0848646
548 96 0.000153847 0.0657343
564 96 0.000153847 0.029
570 96 0.000153847 0.0708378
575 96 0.000153847 0.0442832
587 96 0.000153847 0.0890225
604 96 0.000153847 0.0286007
676 96 0.000153847 0.117273
691 96 0.000153847 0.145031
481 97 0.000311121 0.145134
509 97 0.000311121 0.113318
526 97 0.000311121 0.11456
555 97 0.000311121 0.0728011
575 97 0.000311121 0.0202237
604 97 0.000311121 0.0297321
613 97 0.000311121 0.0880227
656 97 0.000311121 0.118444
699 97 0.000311121 0.144056
496 98 0.000238672 0.121499
509 98 0.000238672 0.122967
537 98 0.000238672 0.131229
538 98 0.000238672 0.0671863
555 98 0.000238672 0.0680147
576 98 0.000238672 0.045618
615 98 0.000238672 0.0917606
674 98 0.000238672 0.113
534 99 0.000912649 0.084534
576 99 0.000912649 0.130863
615 99 0.000912649 0.0300666
538 100 0.000529748 0.0926984
555 100 0.000529748 0.0482597
569 100 0.000529748 0.0460977
575 100 0.000529748 0.064622
599 100 0.000529748 0.11463
534 101 0.000483690 0.0820549
556 101 0.000483690 0.134852
588 101 0.000483690 0.141354
636 101 0.000483690 0.0563649
676 101 0.000483690 0.106301
699 101 0.000483690 0.136312
516 102 0.000308459 0.113842
565 102 0.000308459 0.117953
575 102 0.000308459 0.0939202
589 102 0.000308459 0.0246982
615 102 0.000308459 0.1114
628 102 0.000308459 0.071218
661 102 0.000308459 0.113358
548 103 0.000345412 0.0747061
556 103 0.000345412 0.0646375
603 103 0.000345412 0.107378
655 103 0.000345412 0.121824
676 103 0.000345412 0.132201
509 104 0.000601512 0.140089
526 104 0.000601512 0.100648
555 104 0.000601512 0.0866833
613 104 0.000601512 0.0478539
659 104 0.000601512 0.0898999
536 105 0.000575283 0.144516
564 105 0.000575283 0.0496488
636 105 0.000575283 0.0538516
643 105 0.000575283 0.0883912
663 105 0.000575283 0.0850235
676 105 0.000575283 0.111
534 106 0.000552077 0.130484
547 106 0.000552077 0.114809
604 106 0.000552077 0.1014
624 106 0.000552077 0.0764853
668 106 0.000552077 0.10655
499 107 0.000329876 0.1364
548 107 0.000329876 0.133989
555 107 0.000329876 0.0626418
575 107 0.000329876 0.0516236
615 107 0.000329876 0.0240416
624 107 0.000329876 0.114018
635 107 0.000329876 0.0451221
643 107 0.000329876 0.0722011
509 108 0.000503255 0.129692
516 108 0.000503255 0.126716
538 108 0.000503255 0.149496
548 108 0.000503255 0.104652
589 108 0.000503255 0.0662193
699 108 0.000503255 0.126036
705 108 0.000503255 0.147258
499 109 0.000435890 0.14106
548 109 0.000435890 0.0791202
556 109 0.000435890 0.117137
587 109 0.000435890 0.0992472
635 109 0.000435890 0.10387
661 109 0.000435890 0.13923
668 109 0.000435890 0.114978
534 110 0.000564852 0.149626
569 110 0.000564852 0.0460435
606 110 0.000564852 0.120104
635 110 0.000564852 0.0640312
516 111 0.000639808 0.140161
526 111 0.000639808 0.121594
587 111 0.000639808 0.042638
619 111 0.000639808 0.105076
643 111 0.000639808 0.054626
676 111 0.000639808 0.103769
534 112 0.000325711 0.123227
540 112 0.000325711 0.0941541
576 112 0.000325711 0.10198
604 112 0.000325711 0.0780577
619 112 0.000325711 0.143684
636 112 0.000325711 0.10911
640 112 0.000325711 0.07
663 112 0.000325711 0.143757
548 113 0.000171860 0.083006
564 113 0.000171860 0.066888
565 113 0.000171860 0.137084
643 113 0.000171860 0.0834865
663 113 0.000171860 0.0691809
705 113 0.000171860 0.129402
510 114 0.000208191 0.135093
564 114 0.000208191 0.101514
565 114 0.000208191 0.0940479
589 114 0.000208191 0.063561
633 114 0.000208191 0.121297
650 114 0.000208191 0.0533667
655 114 0.000208191 0.101257
661 114 0.000208191 0.0788923
681 114 0.000208191 0.0953362
695 114 0.000208191 0.126764
705 114 0.000208191 0.144941
499 115 0.000325784 0.147299
516 115 0.000325784 0.128725
600 115 0.000325784 0.0919239
604 115 0.000325784 0.0114018
640 115 0.000325784 0.147963
650 115 0.000325784 0.0943398
668 115 0.000325784 0.0964002
699 115 0.000325784 0.119641
548 116 0.000755615 0.0880568
600 116 0.000755615 0.0272947
636 116 0.000755615 0.060208
676 116 0.000755615 0.109809
547 117 0.000318627 0.103774
569 117 0.000318627 0.0600833
574 117 0.000318627 0.137786
604 117 0.000318627 0.137295
606 117 0.000318627 0.103175
640 117 0.000318627 0.0361248
643 117 0.000318627 0.127472
698 117 0.000318627 0.118903
516 118 0.000400110 0.136971
548 118 0.000400110 0.109041
555 118 0.000400110 0.102728
575 118 0.000400110 0.0545711
635 118 0.000400110 0.0657951
650 118 0.000400110 0.109165
681 118 0.000400110 0.1486
526 119 0.000310764 0.126574
537 119 0.000310764 0.13228
643 119 0.000310764 0.145602
656 119 0.000310764 0.0820731
659 119 0.000310764 0.0639766
660 119 0.000310764 0.112361
674 119 0.000310764 0.0800625
684 119 0.000310764 0.107615
534 120 0.000380273 0.141676
540 120 0.000380273 0.110145
568 120 0.000380273 0.142271
576 120 0.000380273 0.091022
597 120 0.000380273 0.0474131
606 120 0.000380273 0.144281
636 120 0.000380273 0.123976
684 120 0.000380273 0.15
509 121 0.000864592 0.14151
589 121 0.000864592 0.102528
643 121 0.000864592 0.0516236
575 122 0.000441319 0.0806102
588 122 0.000441319 0.114162
656 122 0.000441319 0.141315
676 122 0.000441319 0.0828613
604 123 0.000541565 0.115572
624 123 0.000541565 0.0562228
674 123 0.000541565 0.078
676 123 0.000541565 0.144062
698 123 0.000541565 0.119202
706 123 0.000541565 0.125399
587 124 0.000351385 0.0460109
589 124 0.000351385 0.121491
597 124 0.000351385 0.0738241
604 124 0.000351385 0.0740405
619 124 0.000351385 0.136059
637 124 0.000351385 0.149345
674 124 0.000351385 0.101139
698 124 0.000351385 0.144257
534 125 0.000347998 0.117686
569 125 0.000347998 0.114202
570 125 0.000347998 0.129653
635 125 0.000347998 0.0462385
640 125 0.000347998 0.109659
656 125 0.000347998 0.0843149
699 125 0.000347998 0.101045
705 125 0.000347998 0.127059
706 125 0.000347998 0.118903
729 125 0.000347998 0.140616
556 126 0.000301935 0.107201
588 126 0.000301935 0.0917061
615 126 0.000301935 0.10448
623 126 0.000301935 0.101005
650 126 0.000301935 0.045607
655 126 0.000301935 0.129973
676 126 0.000301935 0.089627
713 126 0.000301935 0.140293
548 127 0.000528913 0.106405
575 127 0.000528913 0.131126
615 127 0.000528913 0.13537
650 127 0.000528913 0.0361248
663 127 0.000528913 0.069527
693 127 0.000528913 0.146492
695 127 0.000528913 0.118406
516 128 0.000275696 0.147489
528 128 0.000275696 0.148718
534 128 0.000275696 0.122642
548 128 0.000275696 0.11068
613 128 0.000275696 0.121198
636 128 0.000275696 0.0138924
681 128 0.000275696 0.116662
705 128 0.000275696 0.107056
587 129 0.000337134 0.0785175
624 129 0.000337134 0.0413038
637 129 0.000337134 0.0907965
643 129 0.000337134 0.114337
660 129 0.000337134 0.1303
668 129 0.000337134 0.0970824
684 129 0.000337134 0.113569
710 129 0.000337134 0.111018
564 130 0.000255319 0.0839524
589 130 0.000255319 0.0673573
597 130 0.000255319 0.14272
604 130 0.000255319 0.0300167
613 130 0.000255319 0.102961
643 130 0.000255319 0.0272029
663 130 0.000255319 0.0651153
729 130 0.000255319 0.129004
538 131 0.000560636 0.117017
575 131 0.000560636 0.144755
635 131 0.000560636 0.0783135
640 131 0.000560636 0.019799
656 131 0.000560636 0.0630079
732 131 0.000560636 0.149693
526 132 0.000412292 0.134837
575 132 0.000412292 0.0978366
589 132 0.000412292 0.140389
640 132 0.000412292 0.0487647
699 132 0.000412292 0.109859
706 132 0.000412292 0.104561
540 133 0.000492988 0.116017
548 133 0.000492988 0.146659
624 133 0.000492988 0.126254
640 133 0.000492988 0.090934
650 133 0.000492988 0.135329
548 134 0.000562245 0.112178
565 134 0.000562245 0.131034
600 134 0.000562245 0.0454863
635 134 0.000562245 0.145124
663 134 0.000562245 0.0504777
741 134 0.000562245 0.147959
575 135 0.000440918 0.102591
604 135 0.000440918 0.0574282
615 135 0.000440918 0.0926499
705 135 0.000440918 0.100975
724 135 0.000440918 0.125865
538 136 0.000240793 0.129653
547 136 0.000240793 0.145
576 136 0.000240793 0.101533
587 136 0.000240793 0.0702353
597 136 0.000240793 0.0574282
635 136 0.000240793 0.0350143
637 136 0.000240793 0.11407
643 136 0.000240793 0.0892693
684 136 0.000240793 0.128631
732 136 0.000240793 0.13285
613 137 0.000938522 0.0494065
615 137 0.000938522 0.0338378
706 137 0.000938522 0.0950211
615 138 0.000276417 0.0375366
640 138 0.000276417 0.116155
650 138 0.000276417 0.108503
656 138 0.000276417 0.0841546
663 138 0.000276417 0.0738241
674 138 0.000276417 0.136308
676 138 0.000276417 0.0612699
729 138 0.000276417 0.121342
540 139 0.000375222 0.14599
589 139 0.000375222 0.065307
600 139 0.000375222 0.0854459
604 139 0.000375222 0.0524309
613 139 0.000375222 0.136062
615 139 0.000375222 0.0797057
628 139 0.000375222 0.0926553
724 139 0.000375222 0.123471
564 140 0.000439379 0.112712
575 140 0.000439379 0.0907965
587 140 0.000439379 0.0818413
589 140 0.000439379 0.104139
597 140 0.000439379 0.118207
604 140 0.000439379 0.0594054
668 140 0.000439379 0.0386264
706 140 0.000439379 0.0907579
710 140 0.000439379 0.130108
534 141 0.000436974 0.142225
575 141 0.000436974 0.0945569
587 141 0.000436974 0.106832
615 141 0.000436974 0.0614003
650 141 0.000436974 0.0834865
588 142 0.000318845 0.107056
589 142 0.000318845 0.0713092
604 142 0.000318845 0.0776209
636 142 0.000318845 0.037108
655 142 0.000318845 0.123911
681 142 0.000318845 0.0707672
691 142 0.000318845 0.0646297
729 142 0.000318845 0.126657
556 143 0.000411439 0.119218
589 143 0.000411439 0.0818352
615 143 0.000411439 0.135163
633 143 0.000411439 0.131461
668 143 0.000411439 0.140684
693 143 0.000411439 0.135595
547 144 0.000320831 0.14589
555 144 0.000320831 0.12313
615 144 0.000320831 0.0876641
637 144 0.000320831 0.0973293
643 144 0.000320831 0.105043
699 144 0.000320831 0.122201
706 144 0.000320831 0.102903
575 145 0.000326234 0.108046
636 145 0.000326234 0.103697
637 145 0.000326234 0.141354
640 145 0.000326234 0.0563205
659 145 0.000326234 0.107689
676 145 0.000326234 0.0970464
698 145 0.000326234 0.119403
699 145 0.000326234 0.089202
732 145 0.000326234 0.118609
568 146 0.000259684 0.129958
630 146 0.000259684 0.132231
699 146 0.000259684 0.137201
706 146 0.000259684 0.113172
725 146 0.000259684 0.120441
732 146 0.000259684 0.128035
604 147 0.000429237 0.110639
636 147 0.000429237 0.122053
684 147 0.000429237 0.128876
706 147 0.000429237 0.085235
564 148 0.000302335 0.130384
569 148 0.000302335 0.124342
589 148 0.000302335 0.124326
597 148 0.000302335 0.108853
613 148 0.000302335 0.068593
643 148 0.000302335 0.0364966
650 148 0.000302335 0.142004
656 148 0.000302335 0.0451221
729 148 0.000302335 0.114061
656 149 0.000965280 0.0874643
699 149 0.000965280 0.0645368
738 149 0.000965280 0.12088
588 150 0.000865462 0.127016
738 150 0.000865462 0.145417
741 150 0.000865462 0.118152
589 151 0.000612343 0.0851645
636 151 0.000612343 0.022561
656 151 0.000612343 0.117209
686 151 0.000612343 0.124423
713 151 0.000612343 0.138221
741 151 0.000612343 0.121037
548 152 0.000433703 0.14089
564 152 0.000433703 0.127475
604 152 0.000433703 0.0974526
615 152 0.000433703 0.129077
635 152 0.000433703 0.147801
691 152 0.000433703 0.0513517
727 152 0.000433703 0.145911
555 153 0.000182087 0.141152
587 153 0.000182087 0.101079
597 153 0.000182087 0.133701
619 153 0.000182087 0.105119
635 153 0.000182087 0.0504777
691 153 0.000182087 0.108259
705 153 0.000182087 0.0906091
555 154 0.000333305 0.133184
589 154 0.000333305 0.144014
624 154 0.000333305 0.107935
635 154 0.000333305 0.0290172
636 154 0.000333305 0.1
684 154 0.000333305 0.149164
705 154 0.000333305 0.123175
710 154 0.000333305 0.0920054
731 154 0.000333305 0.132774
555 155 0.000457894 0.139216
613 155 0.000457894 0.0598415
624 155 0.000457894 0.0734098
643 155 0.000457894 0.0965091
659 155 0.000457894 0.0720069
569 156 0.000483863 0.118828
597 156 0.000483863 0.0802247
643 156 0.000483863 0.1164
668 156 0.000483863 0.0841724
690 156 0.000483863 0.14425
765 156 0.000483863 0.146564
568 157 0.000173245 0.139431
569 157 0.000173245 0.125284
624 157 0.000173245 0.0505964
630 157 0.000173245 0.12492
635 157 0.000173245 0.0906201
668 157 0.000173245 0.105683
690 157 0.000173245 0.122703
715 157 0.000173245 0.113851
706 158 0.000316527 0.0906091
713 158 0.000316527 0.146294
729 158 0.000316527 0.0860523
600 159 0.000289929 0.089
604 159 0.000289929 0.095901
650 159 0.000289929 0.0327567
738 159 0.000289929 0.145691
741 159 0.000289929 0.10448
770 159 0.000289929 0.14279
635 160 0.000625201 0.0424853
684 160 0.000625201 0.129634
698 160 0.000625201 0.0966488
699 160 0.000625201 0.0796304
729 160 0.000625201 0.121696
635 161 0.000425697 0.108849
636 161 0.000425697 0.0376563
661 161 0.000425697 0.109041
681 161 0.000425697 0.0806536
705 161 0.000425697 0.0570088
757 161 0.000425697 0.125718
615 162 0.001463610 0.066
771 162 0.001463610 0.140228
556 163 0.000474334 0.146741
589 163 0.000474334 0.107838
615 163 0.000474334 0.146687
693 163 0.000474334 0.123369
699 163 0.000474334 0.120702
705 163 0.000474334 0.078492
727 163 0.000474334 0.126372
741 163 0.000474334 0.107564
589 164 0.000545327 0.146373
643 164 0.000545327 0.0532541
698 164 0.000545327 0.119871
710 164 0.000545327 0.0878635
731 164 0.000545327 0.128818
575 165 0.000370793 0.1251
604 165 0.000370793 0.0849294
656 165 0.000370793 0.0804114
663 165 0.000370793 0.0656201
710 165 0.000370793 0.123004
729 165 0.000370793 0.0781025
738 165 0.000370793 0.0956033
741 165 0.000370793 0.117414
757 165 0.000370793 0.118457
