1116 1150 
436 0 0.000070575 0.108706
441 0 0.000500133 0.0450111
452 0 0.000395074 0.0566127
471 0 0.000226212 0.0774145
481 0 0.000675919 0.0228035
408 1 0.000038370 0.121918
449 1 0.000300087 0.0676757
467 1 0.000242517 0.0751332
499 1 0.000402733 0.0557584
509 1 0.000534148 0.0411947
526 1 0.000259115 0.0728972
415 2 0.000137095 0.0921792
452 2 0.000500233 0.045
472 2 0.000744619 0.006
481 2 0.000534896 0.0411096
484 2 0.000411856 0.0547449
499 2 0.000215783 0.078924
564 2 0.000042261 0.119921
467 3 0.000541896 0.0403113
477 3 0.000683258 0.021587
499 3 0.000158076 0.0882326
504 3 0.000365868 0.0599083
538 3 0.000161301 0.0876584
407 4 0.000068846 0.109275
408 4 0.000060044 0.112361
441 4 0.000123949 0.0948736
444 4 0.000240344 0.0754321
449 4 0.000413506 0.0545619
471 4 0.000718865 0.0145602
472 4 0.000099870 0.100404
481 4 0.000373857 0.059
499 4 0.000560300 0.0381838
509 4 0.000533828 0.0412311
526 4 0.000198239 0.0815659
538 4 0.000033834 0.124471
471 5 0.000497439 0.04531
477 5 0.000739869 0.00824621
496 5 0.000575750 0.0363593
509 5 0.000532868 0.0413401
441 6 0.000374980 0.0588727
449 6 0.000450012 0.0505371
472 6 0.000518051 0.0430116
481 6 0.000747604 0.004
506 6 0.000286883 0.0693181
526 6 0.000031139 0.126127
467 7 0.000648118 0.0270185
471 7 0.000187856 0.0831986
477 7 0.000525249 0.0422019
504 7 0.000535539 0.0410366
526 7 0.000349000 0.0618466
412 8 0.000052957 0.115122
436 8 0.000185689 0.0835464
467 8 0.000017937 0.136624
499 8 0.000654632 0.0260768
506 8 0.000174177 0.08544
516 8 0.000414500 0.0544518
555 8 0.000049913 0.1164
441 9 0.000270554 0.0714003
471 9 0.000040767 0.120669
528 9 0.000336323 0.0633246
441 10 0.000177057 0.0849588
472 10 0.000495354 0.0455412
484 10 0.000732068 0.011
499 10 0.000046557 0.117886
500 10 0.000017937 0.136624
506 10 0.000575404 0.0364005
528 10 0.000373185 0.0590762
467 11 0.000667189 0.0241868
474 11 0.000503847 0.0445982
477 11 0.000344493 0.0623699
496 11 0.000616509 0.031305
515 11 0.000351031 0.0616117
477 12 0.000365868 0.0599083
499 12 0.000704348 0.01772
540 12 0.000269097 0.0715891
408 13 0.000047650 0.117393
472 13 0.000668257 0.0240208
481 13 0.000503847 0.0445982
484 13 0.000420764 0.0537587
516 13 0.000575404 0.0364005
589 13 0.000027857 0.128316
441 14 0.000305354 0.0670298
472 14 0.000620343 0.0308058
481 14 0.000641028 0.0280179
499 14 0.000399764 0.0560892
516 14 0.000640003 0.0281603
536 14 0.000013235 0.142077
444 15 0.000224230 0.0776981
471 15 0.000547561 0.0396611
496 15 0.000445000 0.0510882
499 15 0.000493870 0.0457056
509 15 0.000697201 0.019105
538 15 0.000107305 0.0986002
540 15 0.000314465 0.0659242
417 16 0.000026340 0.129402
436 16 0.000158709 0.0881192
477 16 0.000604785 0.0328024
496 16 0.000724929 0.0130384
504 16 0.000433145 0.0523927
526 16 0.000534896 0.0411096
436 17 0.000204522 0.080604
471 17 0.000577711 0.0361248
481 17 0.000347399 0.0620322
499 17 0.000651888 0.0264764
509 17 0.000672548 0.0233452
526 17 0.000303953 0.0672012
538 17 0.000058678 0.112872
477 18 0.000641156 0.028
496 18 0.000603094 0.0330151
509 18 0.000661873 0.025
526 18 0.000522212 0.0425441
597 18 0.000013819 0.141315
407 19 0.000040434 0.120839
440 19 0.000090078 0.102942
474 19 0.000272782 0.0711126
496 19 0.000744024 0.00632456
504 19 0.000601288 0.0332415
538 19 0.000379963 0.0583095
408 20 0.000044083 0.119038
441 20 0.000229815 0.0769025
452 20 0.000149467 0.0898053
481 20 0.000666255 0.0243311
499 20 0.000577711 0.0361248
506 20 0.000373558 0.0590339
516 20 0.000657782 0.0256125
534 20 0.000466694 0.0487032
426 21 0.000087049 0.103769
452 21 0.000320049 0.0652534
472 21 0.000409556 0.055
484 21 0.000689022 0.0205913
528 21 0.000535432 0.0410488
548 21 0.000244319 0.0748866
565 21 0.000036092 0.123167
467 22 0.000011883 0.143962
471 22 0.000401767 0.0558659
472 22 0.000317880 0.0655134
481 22 0.000632749 0.0291548
499 22 0.000707313 0.0171172
509 22 0.000352931 0.0613922
540 22 0.000311461 0.0662873
453 23 0.000230229 0.076844
472 23 0.000518051 0.0430116
484 23 0.000585153 0.0352278
506 23 0.000735590 0.00984886
548 23 0.000328413 0.0642573
441 24 0.000118638 0.0960208
444 24 0.000063249 0.111198
481 24 0.000507387 0.0442041
496 24 0.000132327 0.0931343
516 24 0.000386555 0.0575674
538 24 0.000023847 0.131309
540 24 0.000403620 0.0556597
548 24 0.000110728 0.0978008
467 25 0.000508809 0.0440454
477 25 0.000293616 0.0684763
498 25 0.000176668 0.0850235
504 25 0.000728417 0.012083
547 25 0.000251759 0.0738783
426 26 0.000023124 0.131894
452 26 0.000250554 0.0740405
472 26 0.000532016 0.0414367
484 26 0.000413258 0.0545894
528 26 0.000438024 0.0518556
534 26 0.000280079 0.0701783
441 27 0.000158234 0.0882043
453 27 0.000063249 0.111198
481 27 0.000492982 0.0458039
499 27 0.000366454 0.0598415
506 27 0.000586559 0.0350571
509 27 0.000093604 0.102005
534 27 0.000445000 0.0510882
548 27 0.000440836 0.0515461
556 27 0.000073882 0.107648
564 27 0.000224769 0.0776209
570 27 0.000129810 0.0936483
449 28 0.000115131 0.0967988
471 28 0.000383245 0.0579396
477 28 0.000465389 0.0488467
496 28 0.000409310 0.0550273
509 28 0.000749250 0.00223607
526 28 0.000525354 0.04219
538 28 0.000156221 0.0885664
449 29 0.000165186 0.086977
472 29 0.000356051 0.0610328
481 29 0.000532016 0.0414367
506 29 0.000397690 0.0563205
516 29 0.000719872 0.0143178
528 29 0.000179949 0.0844808
534 29 0.000594115 0.0341321
570 29 0.000090874 0.102728
467 30 0.000282329 0.0698928
477 30 0.000448574 0.0506952
496 30 0.000665723 0.0244131
515 30 0.000137892 0.0920217
526 30 0.000691784 0.0200998
538 30 0.000406699 0.0553173
540 30 0.000260466 0.0727186
436 31 0.000092932 0.102181
467 31 0.000190771 0.0827345
477 31 0.000473084 0.048
496 31 0.000552290 0.0391152
499 31 0.000322168 0.065
509 31 0.000688884 0.0206155
534 31 0.000163444 0.0872812
538 31 0.000278906 0.0703278
540 31 0.000394048 0.0567274
453 32 0.000190924 0.0827103
472 32 0.000275468 0.0707672
473 32 0.000238477 0.0756902
484 32 0.000566271 0.0374833
506 32 0.000640003 0.0281603
510 32 0.000584101 0.0353553
534 32 0.000084274 0.104547
589 32 0.000054210 0.114612
444 33 0.000136848 0.092228
467 33 0.000336997 0.0632456
471 33 0.000113349 0.0972008
477 33 0.000347607 0.0620081
496 33 0.000677408 0.022561
504 33 0.000588792 0.0347851
515 33 0.000258339 0.073
526 33 0.000643597 0.0276586
538 33 0.000535432 0.0410488
555 33 0.000279185 0.0702922
569 33 0.000264614 0.0721734
467 34 0.000057793 0.113208
471 34 0.000382402 0.0580345
499 34 0.000624701 0.0302324
509 34 0.000697898 0.0189737
526 34 0.000383858 0.0578705
540 34 0.000575865 0.0363456
555 34 0.000345390 0.0622656
441 35 0.000064410 0.110788
449 35 0.000170933 0.0859884
471 35 0.000356051 0.0610328
496 35 0.000125270 0.0945939
499 35 0.000705617 0.0174642
534 35 0.000583867 0.0353836
540 35 0.000549865 0.0393954
575 35 0.000221733 0.0780577
452 36 0.000043081 0.11952
471 36 0.000258753 0.0729452
516 36 0.000585973 0.0351283
534 36 0.000673490 0.0231948
575 36 0.000228212 0.0771298
589 36 0.000074894 0.107331
538 37 0.000626327 0.0300167
473 38 0.000130984 0.0934077
506 38 0.000715852 0.0152643
510 38 0.000410294 0.0549181
516 38 0.000453445 0.0501597
528 38 0.000668124 0.0240416
548 38 0.000485643 0.0466154
564 38 0.000149467 0.0898053
506 39 0.000697201 0.019105
534 39 0.000326253 0.0645136
548 39 0.000566271 0.0374833
570 39 0.000255411 0.0733894
575 39 0.000067321 0.109786
499 40 0.000405319 0.0554707
506 40 0.000425589 0.0532259
516 40 0.000715995 0.0152315
534 40 0.000636557 0.0286356
570 40 0.000177696 0.0848528
575 40 0.000212528 0.079404
471 41 0.000060587 0.112161
534 41 0.000503444 0.044643
548 41 0.000622954 0.0304631
575 41 0.000145718 0.0905097
589 41 0.000176668 0.0850235
477 42 0.000291976 0.0686804
496 42 0.000322168 0.065
515 42 0.000024101 0.131107
526 42 0.000578636 0.0360139
555 42 0.000554171 0.0388973
564 42 0.000112401 0.0974166
569 42 0.000238477 0.0756902
587 42 0.000220539 0.0782304
477 43 0.000167616 0.0865563
499 43 0.000589381 0.0347131
509 43 0.000520647 0.04272
516 43 0.000352861 0.0614003
534 43 0.000637831 0.0284605
540 43 0.000674568 0.0230217
548 43 0.000172479 0.0857263
575 43 0.000353779 0.0612944
589 43 0.000069302 0.109124
496 44 0.000523676 0.0423792
509 44 0.000493081 0.045793
515 44 0.000129344 0.0937443
526 44 0.000749400 0.002
534 44 0.000092432 0.102313
555 44 0.000505563 0.0444072
452 45 0.000087713 0.103586
506 45 0.000547889 0.0396232
528 45 0.000746259 0.005
534 45 0.000088719 0.10331
548 45 0.000421607 0.0536656
556 45 0.000508301 0.0441022
565 45 0.000130644 0.0934773
570 45 0.000378068 0.0585235
589 45 0.000103035 0.0996243
471 46 0.000221955 0.0780256
477 46 0.000216821 0.0787718
499 46 0.000503344 0.0446542
509 46 0.000614048 0.0316228
526 46 0.000409228 0.0550364
534 46 0.000496644 0.0453982
564 46 0.000208528 0.08
575 46 0.000341065 0.0627694
587 46 0.000214879 0.0790569
496 47 0.000516499 0.0431856
499 47 0.000076041 0.106977
504 47 0.000484963 0.0466905
569 47 0.000444377 0.0511566
499 48 0.000254035 0.0735731
509 48 0.000598408 0.0336006
526 48 0.000706606 0.0172627
538 48 0.000344493 0.0623699
555 48 0.000597332 0.0337343
564 48 0.000060188 0.112308
575 48 0.000181539 0.08422
604 48 0.000024900 0.130484
481 49 0.000313272 0.0660681
516 49 0.000612454 0.0318277
540 49 0.000446158 0.0509608
548 49 0.000453445 0.0501597
564 49 0.000481484 0.0470744
575 49 0.000334579 0.0635295
604 49 0.000108796 0.0982497
504 50 0.000564462 0.0376962
526 50 0.000540705 0.0404475
537 50 0.000109319 0.0981275
538 50 0.000732800 0.0107703
547 50 0.000429350 0.052811
555 50 0.000276130 0.0706824
499 51 0.000523048 0.04245
516 51 0.000477552 0.0475079
534 51 0.000737358 0.00921954
540 51 0.000601288 0.0332415
548 51 0.000309845 0.0664831
555 51 0.000255258 0.0734098
575 51 0.000406699 0.0553173
604 51 0.000115894 0.0966282
506 52 0.000580955 0.0357351
528 52 0.000718865 0.0145602
536 52 0.000201759 0.0810247
548 52 0.000591270 0.0344819
564 52 0.000216821 0.0787718
588 52 0.000128776 0.0938616
473 53 0.000044154 0.119004
484 53 0.000240056 0.0754718
506 53 0.000581304 0.0356931
528 53 0.000608060 0.0323883
548 53 0.000692337 0.02
564 53 0.000332445 0.0637809
540 54 0.000142890 0.0910494
548 54 0.000735590 0.00984886
556 54 0.000214449 0.0791202
564 54 0.000478317 0.0474236
570 54 0.000419420 0.0539073
604 54 0.000102112 0.0998499
481 55 0.000201759 0.0810247
506 55 0.000345735 0.0622254
509 55 0.000095019 0.101637
534 55 0.000616386 0.0313209
540 55 0.000281427 0.0700071
548 55 0.000655418 0.0259615
564 55 0.000588792 0.0347851
436 56 0.000015722 0.139014
516 56 0.000088950 0.103247
526 56 0.000534255 0.0411825
538 56 0.000207862 0.0800999
555 56 0.000692337 0.02
472 57 0.000039800 0.121165
499 57 0.000405562 0.0554437
526 57 0.000238477 0.0756902
534 57 0.000629845 0.0295466
540 57 0.000724494 0.0131529
575 57 0.000540705 0.0404475
509 58 0.000255258 0.0734098
526 58 0.000628712 0.0296985
538 58 0.000671338 0.0235372
547 58 0.000289187 0.069029
569 58 0.000600206 0.0333766
576 58 0.000350119 0.0617171
587 58 0.000238096 0.075743
597 58 0.000261615 0.0725672
613 58 0.000131062 0.0933916
467 59 0.000076698 0.106775
526 59 0.000686546 0.0210238
538 59 0.000515570 0.0432897
540 59 0.000355695 0.0610737
555 59 0.000632749 0.0291548
569 59 0.000576672 0.0362491
597 59 0.000214192 0.0791581
444 60 0.000019619 0.134974
515 60 0.000044839 0.11868
540 60 0.000514437 0.0434166
555 60 0.000721602 0.0138924
564 60 0.000081783 0.105262
569 60 0.000503847 0.0445982
575 60 0.000268291 0.0716938
587 60 0.000413424 0.0545711
556 61 0.000575404 0.0364005
564 61 0.000219132 0.0784347
588 61 0.000238096 0.075743
526 62 0.000377388 0.0586003
534 62 0.000455080 0.04998
540 62 0.000735443 0.00989949
555 62 0.000618733 0.0310161
575 62 0.000512793 0.0436005
587 62 0.000392868 0.0568595
516 63 0.000466134 0.0487647
534 63 0.000696504 0.0192354
548 63 0.000491112 0.0460109
564 63 0.000648767 0.0269258
575 63 0.000490327 0.0460977
604 63 0.000226892 0.0773175
481 64 0.000138390 0.0919239
499 64 0.000342090 0.0626498
516 64 0.000345597 0.0622415
534 64 0.000681076 0.0219545
540 64 0.000623702 0.0303645
548 64 0.000313272 0.0660681
555 64 0.000316991 0.0656201
564 64 0.000563560 0.0378021
496 65 0.000259842 0.0728011
515 65 0.000286023 0.0694262
526 65 0.000450552 0.0504777
547 65 0.000470725 0.0482597
555 65 0.000309845 0.0664831
568 65 0.000176386 0.0850706
569 65 0.000572306 0.0367696
576 65 0.000526933 0.0420119
635 65 0.000020411 0.134239
556 66 0.000402974 0.0557315
564 66 0.000388182 0.0573847
570 66 0.000616509 0.031305
589 66 0.000369619 0.0594811
615 66 0.000013753 0.1414
481 67 0.000091001 0.102694
509 67 0.000029110 0.127456
528 67 0.000395153 0.0566039
534 67 0.000393418 0.0567979
548 67 0.000735590 0.00984886
564 67 0.000576787 0.0362353
570 67 0.000528093 0.0418808
619 67 0.000162337 0.0874757
472 68 0.000062682 0.1114
499 68 0.000156691 0.0884816
516 68 0.000400244 0.0560357
540 68 0.000259842 0.0728011
548 68 0.000636429 0.0286531
575 68 0.000404671 0.0555428
589 68 0.000495354 0.0455412
643 68 0.000033916 0.124423
540 69 0.000173135 0.0856154
547 69 0.000290346 0.068884
555 69 0.000481292 0.0470956
576 69 0.000454080 0.0500899
509 70 0.000272292 0.0711758
540 70 0.000669863 0.0237697
564 70 0.000420764 0.0537587
569 70 0.000188948 0.0830241
575 70 0.000674568 0.0230217
587 70 0.000446604 0.0509117
589 70 0.000156315 0.0885494
613 70 0.000114511 0.0969381
615 70 0.000263347 0.0723395
526 71 0.000526933 0.0420119
569 71 0.000696643 0.0192094
576 71 0.000284312 0.0696419
599 71 0.000071498 0.108407
615 71 0.000133203 0.092957
499 72 0.000166380 0.0867698
526 72 0.000382708 0.058
540 72 0.000617003 0.031241
555 72 0.000707454 0.017088
569 72 0.000389192 0.0572713
587 72 0.000575404 0.0364005
589 72 0.000061000 0.112009
473 73 0.000027044 0.128891
506 73 0.000267167 0.0718401
536 73 0.000213892 0.0792023
556 73 0.000600206 0.0333766
570 73 0.000711997 0.0161245
588 73 0.000340792 0.0628013
499 74 0.000102276 0.0998098
526 74 0.000473747 0.047927
540 74 0.000468096 0.0485489
555 74 0.000736768 0.00943398
575 74 0.000346843 0.0620967
587 74 0.000588792 0.0347851
481 75 0.000079129 0.106042
506 75 0.000117551 0.0962601
534 75 0.000569451 0.037108
564 75 0.000729875 0.0116619
575 75 0.000595186 0.034
604 75 0.000378976 0.0584209
619 75 0.000124247 0.0948103
526 76 0.000315032 0.0658559
538 76 0.000603215 0.033
547 76 0.000429093 0.0528394
555 76 0.000287572 0.0692315
569 76 0.000637958 0.0284429
576 76 0.000649416 0.0268328
587 76 0.000214449 0.0791202
597 76 0.000511564 0.0437379
640 76 0.000106748 0.098732
509 77 0.000150426 0.089627
548 77 0.000276960 0.0705762
564 77 0.000626327 0.0300167
570 77 0.000113123 0.0972522
575 77 0.000717572 0.0148661
615 77 0.000276130 0.0706824
481 78 0.000027409 0.128631
528 78 0.000445890 0.0509902
534 78 0.000163706 0.0872353
536 78 0.000111706 0.0975756
548 78 0.000600807 0.0333017
556 78 0.000441984 0.0514198
564 78 0.000382632 0.0580086
528 79 0.000350119 0.0617171
534 79 0.000262716 0.0724224
564 79 0.000544612 0.04
588 79 0.000147684 0.0901388
589 79 0.000595067 0.0340147
600 79 0.000339364 0.0629682
506 80 0.000143147 0.091
516 80 0.000241115 0.075326
528 80 0.000203746 0.0807217
556 80 0.000147124 0.0902441
564 80 0.000685585 0.0211896
575 80 0.000364408 0.060075
589 80 0.000663596 0.0247386
600 80 0.000250153 0.0740945
604 80 0.000380419 0.058258
628 80 0.000054016 0.114691
636 80 0.000177696 0.0848528
509 81 0.000125647 0.0945145
526 81 0.000375130 0.0588558
538 81 0.000418247 0.054037
587 81 0.000506677 0.0442832
597 81 0.000519919 0.0428019
615 81 0.000158044 0.0882383
624 81 0.000151786 0.0893756
534 82 0.000297934 0.0679412
538 82 0.000077206 0.106621
555 82 0.000568655 0.0372022
569 82 0.000280584 0.0701142
575 82 0.000661343 0.0250799
587 82 0.000621834 0.0306105
613 82 0.000233615 0.0763675
516 83 0.000220318 0.0782624
540 83 0.000273438 0.0710282
564 83 0.000737800 0.00905539
575 83 0.000553174 0.0390128
516 84 0.000085377 0.104235
534 84 0.000057874 0.113177
536 84 0.000182742 0.0840238
565 84 0.000205876 0.080399
570 84 0.000717572 0.0148661
588 84 0.000473747 0.047927
628 84 0.000230229 0.076844
547 85 0.000275799 0.0707248
555 85 0.000357764 0.0608358
569 85 0.000707879 0.017
576 85 0.000570249 0.0370135
597 85 0.000623328 0.0304138
613 85 0.000375355 0.0588303
615 85 0.000088223 0.103446
624 85 0.000251407 0.0739256
526 86 0.000112874 0.0973088
540 86 0.000486810 0.0464866
575 86 0.000747006 0.00447214
587 86 0.000478221 0.0474342
589 86 0.000261877 0.0725328
615 86 0.000423551 0.0534509
540 87 0.000422789 0.053535
564 87 0.000154080 0.088955
569 87 0.000474411 0.0478539
587 87 0.000721025 0.0140357
613 87 0.000382861 0.0579828
635 87 0.000229080 0.0770065
496 88 0.000070688 0.108669
509 88 0.000135758 0.0924446
555 88 0.000615893 0.0313847
569 88 0.000625827 0.0300832
587 88 0.000682985 0.0216333
597 88 0.000408901 0.0550727
564 89 0.000648118 0.0270185
575 89 0.000690954 0.0202485
589 89 0.000463624 0.0490408
604 89 0.000585153 0.0352278
615 89 0.000362373 0.0603075
534 90 0.000169232 0.0862786
540 90 0.000059102 0.112712
548 90 0.000488761 0.0462709
556 90 0.000245789 0.074686
570 90 0.000629971 0.0295296
619 90 0.000459470 0.0494975
548 91 0.000429093 0.0528394
564 91 0.000320946 0.065146
575 91 0.000091769 0.102489
588 91 0.000332378 0.0637887
589 91 0.000564914 0.0376431
600 91 0.000599846 0.0334215
619 91 0.000446158 0.0509608
504 92 0.000101177 0.10008
509 92 0.000027147 0.128818
547 92 0.000343530 0.062482
569 92 0.000561759 0.0380132
576 92 0.000689022 0.0205913
587 92 0.000207032 0.0802247
597 92 0.000660286 0.0252389
599 92 0.000441454 0.0514782
506 93 0.000073279 0.107838
548 93 0.000423551 0.0534509
564 93 0.000610985 0.0320156
589 93 0.000739277 0.00848528
604 93 0.000492982 0.0458039
619 93 0.000435316 0.0521536
676 93 0.000034298 0.124197
526 94 0.000226212 0.0774145
538 94 0.000274973 0.0708308
569 94 0.000666122 0.0243516
576 94 0.000346843 0.0620967
587 94 0.000561872 0.038
615 94 0.000235821 0.0760592
635 94 0.000246232 0.0746257
555 95 0.000505766 0.0443847
587 95 0.000732068 0.011
597 95 0.000219044 0.0784474
613 95 0.000419420 0.0539073
615 95 0.000542438 0.0402492
526 96 0.000012676 0.142836
528 96 0.000065685 0.110345
564 96 0.000633889 0.029
604 96 0.000636811 0.0286007
636 96 0.000343255 0.062514
540 97 0.000315599 0.0657875
548 97 0.000137975 0.0920054
575 97 0.000691092 0.0202237
587 97 0.000435926 0.0520865
604 97 0.000628461 0.0297321
615 97 0.000542655 0.0402244
663 97 0.000048379 0.117068
538 98 0.000304075 0.0671863
597 98 0.000720304 0.0142127
599 98 0.000284369 0.0696348
606 98 0.000056865 0.113565
624 98 0.000357406 0.0608769
635 98 0.000186359 0.0834386
555 99 0.000366674 0.0598164
575 99 0.000632369 0.0292062
587 99 0.000614417 0.0315753
604 99 0.000498535 0.0451885
615 99 0.000625952 0.0300666
569 100 0.000490327 0.0460977
576 100 0.000148483 0.0899889
587 100 0.000724929 0.0130384
597 100 0.000404347 0.0555788
615 100 0.000460298 0.0494065
635 100 0.000387251 0.0574891
674 100 0.000033105 0.124908
516 101 0.000061502 0.111826
526 101 0.000017784 0.136781
548 101 0.000182742 0.0840238
564 101 0.000517429 0.0430813
575 101 0.000558287 0.0384187
589 101 0.000518569 0.0429535
615 101 0.000458093 0.0496488
635 101 0.000165981 0.0868389
643 101 0.000309845 0.0664831
663 101 0.000111908 0.0975295
536 102 0.000029579 0.127142
556 102 0.000213166 0.0793095
570 102 0.000557841 0.0384708
589 102 0.000663861 0.0246982
604 102 0.000304927 0.067082
628 102 0.000271965 0.071218
643 102 0.000083352 0.104809
691 102 0.000034525 0.124064
570 103 0.000593284 0.0342345
588 103 0.000410294 0.0549181
600 103 0.000723480 0.0134164
538 104 0.000243441 0.0750067
597 104 0.000742537 0.00707107
599 104 0.000434534 0.0522398
606 104 0.000118614 0.096026
613 104 0.000474411 0.0478539
615 104 0.000084985 0.104346
624 104 0.000518051 0.0430116
640 104 0.000390987 0.0570701
564 105 0.000458093 0.0496488
570 105 0.000433059 0.0524023
588 105 0.000111505 0.0976217
589 105 0.000734561 0.010198
600 105 0.000407513 0.0552268
604 105 0.000488272 0.0463249
628 105 0.000158297 0.088193
636 105 0.000419924 0.0538516
663 105 0.000176668 0.0850235
676 105 0.000063808 0.111
547 106 0.000053725 0.114809
569 106 0.000522212 0.0425441
587 106 0.000602250 0.033121
613 106 0.000697619 0.0190263
615 106 0.000353284 0.0613514
624 106 0.000232775 0.0764853
656 106 0.000228394 0.0771038
674 106 0.000070125 0.108853
569 107 0.000268936 0.0716101
575 107 0.000440131 0.0516236
587 107 0.000677950 0.0224722
597 107 0.000221423 0.0781025
604 107 0.000362445 0.0602993
615 107 0.000668124 0.0240416
564 108 0.000354417 0.0612209
575 108 0.000561422 0.0380526
589 108 0.000312022 0.0662193
600 108 0.000040088 0.121017
604 108 0.000684489 0.0213776
613 108 0.000194158 0.082201
615 108 0.000650846 0.0266271
635 108 0.000326057 0.0645368
643 108 0.000399284 0.0561427
534 109 0.000128287 0.0939628
540 109 0.000084968 0.10435
548 109 0.000214449 0.0791202
555 109 0.000041657 0.120221
575 109 0.000354417 0.0612209
587 109 0.000104593 0.0992472
589 109 0.000663463 0.0247588
604 109 0.000659758 0.025318
636 109 0.000518154 0.043
643 109 0.000281483 0.07
538 110 0.000159760 0.0879318
569 110 0.000490818 0.0460435
613 110 0.000682985 0.0216333
624 110 0.000397372 0.056356
640 110 0.000463624 0.0490408
686 110 0.000064850 0.110635
534 111 0.000090294 0.102883
564 111 0.000223559 0.0777946
575 111 0.000483801 0.0468188
587 111 0.000521377 0.042638
604 111 0.000552843 0.0390512
613 111 0.000334780 0.0635059
615 111 0.000735590 0.00984886
619 111 0.000082424 0.105076
635 111 0.000477552 0.0475079
636 111 0.000251407 0.0739256
640 111 0.000085223 0.104278
575 112 0.000273164 0.0710634
604 112 0.000221733 0.0780577
613 112 0.000661873 0.025
615 112 0.000579562 0.0359026
635 112 0.000579562 0.0359026
636 112 0.000069344 0.10911
643 112 0.000220451 0.0782432
615 113 0.000122471 0.0951893
636 113 0.000514437 0.0434166
663 113 0.000287975 0.0691809
676 113 0.000106280 0.0988433
548 114 0.000119280 0.0958801
556 114 0.000250855 0.074
565 114 0.000127878 0.0940479
600 114 0.000731921 0.0110454
619 114 0.000562321 0.0379473
623 114 0.000336323 0.0633246
663 114 0.000161527 0.0876185
587 115 0.000164527 0.0870919
589 115 0.000508809 0.0440454
604 115 0.000730751 0.0114018
619 115 0.000392632 0.0568859
636 115 0.000580606 0.0357771
663 115 0.000228943 0.077026
570 116 0.000422197 0.0536004
600 116 0.000646177 0.0272947
619 116 0.000717572 0.0148661
628 116 0.000433492 0.0523546
636 116 0.000363243 0.060208
650 116 0.000439779 0.0516624
515 117 0.000013406 0.141852
538 117 0.000121374 0.0954254
555 117 0.000121374 0.0954254
569 117 0.000364335 0.0600833
587 117 0.000255666 0.0733553
597 117 0.000697619 0.0190263
613 117 0.000586911 0.0350143
637 117 0.000159250 0.0880227
659 117 0.000229080 0.0770065
555 118 0.000090874 0.102728
587 118 0.000268291 0.0716938
589 118 0.000348442 0.0619112
604 118 0.000717572 0.0148661
615 118 0.000603215 0.033
619 118 0.000241743 0.0752396
643 118 0.000530634 0.0415933
547 119 0.000112042 0.0974987
597 119 0.000633382 0.0290689
599 119 0.000510440 0.0438634
624 119 0.000704489 0.0176918
656 119 0.000194975 0.0820731
659 119 0.000330787 0.0639766
555 120 0.000208195 0.08005
575 120 0.000144182 0.090802
576 120 0.000143033 0.091022
587 120 0.000508301 0.0441022
597 120 0.000478412 0.0474131
613 120 0.000744024 0.00632456
624 120 0.000243733 0.0749667
635 120 0.000572306 0.0367696
540 121 0.000103097 0.0996092
613 121 0.000461681 0.0492544
615 121 0.000732800 0.0107703
635 121 0.000636811 0.0286007
640 121 0.000168658 0.0863771
643 121 0.000440131 0.0516236
663 121 0.000050596 0.116108
589 122 0.000569451 0.037108
604 122 0.000568996 0.0371618
643 122 0.000339025 0.0630079
650 122 0.000287802 0.0692026
538 123 0.000067375 0.109768
569 123 0.000304622 0.0671193
587 123 0.000357835 0.0608276
613 123 0.000716998 0.015
615 123 0.000270176 0.0714493
624 123 0.000398566 0.0562228
635 123 0.000473747 0.047927
656 123 0.000437936 0.0518652
674 123 0.000222132 0.078
575 124 0.000213892 0.0792023
597 124 0.000252162 0.0738241
613 124 0.000604060 0.0328938
615 124 0.000628461 0.0297321
635 124 0.000707737 0.0170294
668 124 0.000307807 0.0667308
674 124 0.000096958 0.101139
604 125 0.000593521 0.0342053
613 125 0.000237668 0.0758024
615 125 0.000698457 0.018868
619 125 0.000137562 0.0920869
635 125 0.000489054 0.0462385
636 125 0.000409310 0.0550273
643 125 0.000606602 0.032573
668 125 0.000307807 0.0667308
589 126 0.000493969 0.0456946
619 126 0.000745215 0.00565685
628 126 0.000347816 0.0619839
643 126 0.000183291 0.0839345
650 126 0.000494760 0.045607
676 126 0.000150426 0.089627
570 127 0.000301712 0.0674759
600 127 0.000640003 0.0281603
604 127 0.000126352 0.0943663
619 127 0.000646177 0.0272947
623 127 0.000281427 0.0700071
628 127 0.000611474 0.0319531
650 127 0.000577711 0.0361248
663 127 0.000285224 0.069527
681 127 0.000203176 0.0808084
713 127 0.000029133 0.12744
619 128 0.000472611 0.0480521
628 128 0.000085787 0.10412
636 128 0.000721602 0.0138924
643 128 0.000518051 0.0430116
663 128 0.000407513 0.0552268
597 129 0.000544394 0.040025
635 129 0.000367849 0.0596825
640 129 0.000709013 0.0167631
656 129 0.000450822 0.050448
659 129 0.000292620 0.0686003
674 129 0.000332378 0.0637887
564 130 0.000183181 0.0839524
589 130 0.000302679 0.0673573
604 130 0.000626327 0.0300167
635 130 0.000285737 0.0694622
636 130 0.000644628 0.0275136
576 131 0.000241404 0.0752861
597 131 0.000525249 0.0422019
599 131 0.000352861 0.0614003
613 131 0.000449742 0.0505668
624 131 0.000674164 0.0230868
640 131 0.000693446 0.019799
659 131 0.000426953 0.0530754
555 132 0.000108102 0.0984124
615 132 0.000466227 0.0487545
624 132 0.000186694 0.0833847
635 132 0.000702801 0.0180278
636 132 0.000060429 0.112219
656 132 0.000567291 0.0373631
668 132 0.000327168 0.064405
676 132 0.000055041 0.11428
540 133 0.000050809 0.116017
575 133 0.000229677 0.076922
604 133 0.000414915 0.0544059
613 133 0.000347399 0.0620322
635 133 0.000650456 0.0266833
640 133 0.000143491 0.090934
643 133 0.000598408 0.0336006
705 133 0.000029787 0.127004
600 134 0.000495850 0.0454863
619 134 0.000702801 0.0180278
628 134 0.000482159 0.047
636 134 0.000450462 0.0504876
650 134 0.000636429 0.0286531
661 134 0.000224230 0.0776981
676 134 0.000145485 0.0905539
681 134 0.000236057 0.0760263
564 135 0.000147684 0.0901388
619 135 0.000667856 0.0240832
628 135 0.000243441 0.0750067
636 135 0.000675919 0.0228035
650 135 0.000469690 0.0483735
587 136 0.000279632 0.0702353
599 136 0.000095342 0.101553
613 136 0.000647082 0.0271662
635 136 0.000586911 0.0350143
640 136 0.000625827 0.0300832
659 136 0.000173135 0.0856154
604 137 0.000256486 0.0732462
615 137 0.000596496 0.0338378
635 137 0.000740313 0.00806226
656 137 0.000496147 0.0454533
668 137 0.000483607 0.0468402
686 137 0.000242517 0.0751332
615 138 0.000565818 0.0375366
635 138 0.000436624 0.0520096
643 138 0.000724929 0.0130384
650 138 0.000071199 0.108503
668 138 0.000412763 0.0546443
600 139 0.000174142 0.0854459
615 139 0.000210497 0.0797057
619 139 0.000512793 0.0436005
636 139 0.000743875 0.00640312
643 139 0.000474411 0.0478539
663 139 0.000584101 0.0353553
668 139 0.000153803 0.0890056
705 139 0.000148157 0.09005
604 140 0.000370285 0.0594054
613 140 0.000228943 0.077026
615 140 0.000563109 0.037855
635 140 0.000575404 0.0364005
636 140 0.000359198 0.0606712
643 140 0.000700695 0.0184391
668 140 0.000556503 0.0386264
676 140 0.000333510 0.0636553
699 140 0.000244857 0.0748131
732 140 0.000021908 0.132914
589 141 0.000220098 0.0782943
604 141 0.000469690 0.0483735
628 141 0.000048312 0.117098
635 141 0.000231568 0.0766551
643 141 0.000672548 0.0233452
676 141 0.000490327 0.0460977
681 141 0.000052325 0.115382
556 142 0.000025715 0.129865
600 142 0.000308794 0.0666108
619 142 0.000616879 0.031257
628 142 0.000338550 0.0630635
650 142 0.000630853 0.0294109
663 142 0.000629971 0.0295296
619 143 0.000561759 0.0380132
623 143 0.000212698 0.0793788
633 143 0.000023657 0.131461
636 143 0.000342090 0.0626498
650 143 0.000737358 0.00921954
655 143 0.000109210 0.0981529
681 143 0.000396420 0.0564624
713 143 0.000085445 0.104216
613 144 0.000510746 0.0438292
624 144 0.000417495 0.0541202
637 144 0.000112784 0.0973293
640 144 0.000726380 0.0126491
674 144 0.000478412 0.0474131
615 145 0.000426270 0.0531507
635 145 0.000715852 0.0152643
640 145 0.000397690 0.0563205
656 145 0.000658572 0.0254951
668 145 0.000509828 0.0439318
674 145 0.000227892 0.0771751
569 146 0.000090457 0.10284
576 146 0.000113690 0.0971236
597 146 0.000346566 0.0621289
640 146 0.000733240 0.0106301
686 146 0.000274149 0.0709366
597 147 0.000226393 0.0773886
640 147 0.000550746 0.0392938
643 147 0.000214879 0.0790569
656 147 0.000724929 0.0130384
615 148 0.000472611 0.0480521
635 148 0.000653455 0.0262488
636 148 0.000206660 0.0802808
656 148 0.000499133 0.0451221
668 148 0.000653063 0.0263059
674 148 0.000115131 0.0967988
710 148 0.000065371 0.110454
729 148 0.000055594 0.114061
613 149 0.000085377 0.104235
615 149 0.000380495 0.0582495
635 149 0.000334245 0.0635689
636 149 0.000541896 0.0403113
643 149 0.000735443 0.00989949
656 149 0.000162402 0.0874643
676 149 0.000546139 0.0398246
686 149 0.000109845 0.0980051
604 150 0.000243489 0.075
628 150 0.000195874 0.0819329
636 150 0.000633889 0.029
643 150 0.000343255 0.062514
663 150 0.000720592 0.0141421
676 150 0.000459286 0.0495177
604 151 0.000328939 0.064195
619 151 0.000339636 0.0629365
636 151 0.000677408 0.022561
643 151 0.000561198 0.0380789
663 151 0.000626703 0.0299666
668 151 0.000260362 0.0727324
676 151 0.000588792 0.0347851
686 151 0.000033916 0.124423
705 151 0.000257102 0.0731642
619 152 0.000497041 0.0453542
636 152 0.000404671 0.0555428
650 152 0.000722757 0.0136015
663 152 0.000612821 0.0317805
676 152 0.000245789 0.074686
681 152 0.000445000 0.0510882
713 152 0.000107843 0.0984733
604 153 0.000268291 0.0716938
656 153 0.000289187 0.069029
676 153 0.000487589 0.0464004
706 153 0.000229539 0.0769415
615 154 0.000342432 0.0626099
635 154 0.000633762 0.0290172
656 154 0.000655025 0.0260192
668 154 0.000642568 0.0278029
699 154 0.000263295 0.0723464
706 154 0.000302619 0.0673647
710 154 0.000137975 0.0920054
731 154 0.000022071 0.132774
597 155 0.000188043 0.0831685
624 155 0.000255258 0.0734098
635 155 0.000434881 0.0522015
643 155 0.000116428 0.0965091
674 155 0.000554725 0.038833
686 155 0.000541896 0.0403113
698 155 0.000198239 0.0815659
624 156 0.000367996 0.0596657
640 156 0.000661343 0.0250799
656 156 0.000586559 0.0350571
674 156 0.000667189 0.0241868
686 156 0.000446604 0.0509117
699 156 0.000042371 0.119867
706 156 0.000131115 0.0933809
606 157 0.000065935 0.110259
656 157 0.000390361 0.0571402
659 157 0.000625952 0.0300666
686 157 0.000303710 0.0672309
575 158 0.000046520 0.117903
676 158 0.000681757 0.0218403
724 158 0.000050748 0.116043
729 158 0.000170558 0.0860523
650 159 0.000605148 0.0327567
663 159 0.000721169 0.014
681 159 0.000413258 0.0545894
615 160 0.000211003 0.0796304
635 160 0.000522734 0.0424853
637 160 0.000019987 0.134629
640 160 0.000412763 0.0546443
656 160 0.000731044 0.0113137
668 160 0.000537685 0.0407922
686 160 0.000620343 0.0308058
738 160 0.000070448 0.108747
619 161 0.000300688 0.0676018
636 161 0.000564801 0.0376563
663 161 0.000716425 0.0151327
676 161 0.000632369 0.0292062
695 161 0.000016964 0.137641
699 161 0.000262348 0.0724707
706 161 0.000060587 0.112161
635 162 0.000478221 0.0474342
636 162 0.000222844 0.0778974
643 162 0.000578173 0.0360694
656 162 0.000411856 0.0547449
676 162 0.000412185 0.0547083
699 162 0.000465389 0.0488467
706 162 0.000358552 0.0607454
628 163 0.000396975 0.0564004
650 163 0.000692199 0.020025
655 163 0.000114168 0.0970155
661 163 0.000426270 0.0531507
663 163 0.000534896 0.0411096
681 163 0.000617743 0.0311448
691 163 0.000550195 0.0393573
713 163 0.000218738 0.078492
724 163 0.000243489 0.075
587 164 0.000074149 0.107564
635 164 0.000501034 0.044911
636 164 0.000118046 0.0961509
668 164 0.000728125 0.0121655
674 164 0.000186061 0.0834865
686 164 0.000523153 0.0424382
706 164 0.000435926 0.0520865
710 164 0.000160144 0.0878635
615 165 0.000234692 0.0762168
643 165 0.000618733 0.0310161
668 165 0.000618733 0.0310161
676 165 0.000632749 0.0291548
699 165 0.000549316 0.0394588
705 165 0.000270392 0.0714213
706 165 0.000291976 0.0686804
738 165 0.000120551 0.0956033
