1105 1150 
380 0 0.000012589 0.13568
408 0 0.000093898 0.091444
452 0 0.000263383 0.0566127
472 0 0.000464336 0.0192354
499 0 0.000224440 0.0632851
516 0 0.000303023 0.05004
528 0 0.000078367 0.0962601
534 0 0.000124987 0.0832586
548 0 0.000084235 0.0943663
471 1 0.000434940 0.0264008
477 1 0.000474664 0.0161245
496 1 0.000272983 0.0550091
516 1 0.000045268 0.10959
540 1 0.000108963 0.0872812
452 2 0.000333488 0.045
453 2 0.000153118 0.076922
472 2 0.000496413 0.006
481 2 0.000356598 0.0411096
484 2 0.000274571 0.0547449
499 2 0.000143855 0.078924
516 2 0.000294302 0.0514782
528 2 0.000129880 0.0820975
556 2 0.000020876 0.126016
407 3 0.000082089 0.0950474
477 3 0.000455506 0.021587
496 3 0.000440984 0.0250599
504 3 0.000243912 0.0599083
509 3 0.000267631 0.0559017
452 4 0.000014652 0.132853
534 4 0.000120640 0.0843149
398 5 0.000026443 0.121235
436 5 0.000218942 0.0642573
477 5 0.000493246 0.00824621
496 5 0.000383833 0.0363593
499 5 0.000191408 0.0692892
504 5 0.000161162 0.0752396
509 5 0.000355245 0.0413401
526 5 0.000238271 0.0608769
415 6 0.000025048 0.122348
449 6 0.000300008 0.0505371
481 6 0.000498403 0.004
484 6 0.000082171 0.0950211
499 6 0.000366504 0.0394081
506 6 0.000191255 0.0693181
534 6 0.000203285 0.067082
398 7 0.000043537 0.110476
436 7 0.000107448 0.0876812
467 7 0.000432079 0.0270185
474 7 0.000225204 0.0631506
477 7 0.000350166 0.0422019
496 7 0.000465917 0.0187883
417 8 0.000098082 0.0902441
441 8 0.000197001 0.0682422
449 8 0.000325841 0.0462709
471 8 0.000353756 0.0415933
477 8 0.000149726 0.0776466
481 8 0.000466290 0.0186815
499 8 0.000436421 0.0260768
506 8 0.000116118 0.08544
540 8 0.000128819 0.0823468
449 9 0.000070740 0.0988838
484 9 0.000412571 0.031
509 9 0.000008547 0.142636
516 9 0.000254324 0.0581378
528 9 0.000224216 0.0633246
534 9 0.000069422 0.0993579
441 10 0.000118038 0.0849588
452 10 0.000316844 0.0477598
473 10 0.000232667 0.0618466
481 10 0.000121051 0.084214
484 10 0.000488045 0.011
506 10 0.000383603 0.0364005
510 10 0.000295837 0.051225
516 10 0.000165109 0.0744312
401 11 0.000032092 0.117175
444 11 0.000204549 0.0668506
467 11 0.000444793 0.0241868
474 11 0.000335898 0.0445982
477 11 0.000229662 0.0623699
496 11 0.000411006 0.031305
538 11 0.000187656 0.07
547 11 0.000100044 0.0896939
397 12 0.000026534 0.121165
452 12 0.000034104 0.115871
471 12 0.000417635 0.03
481 12 0.000372713 0.0383275
499 12 0.000469566 0.01772
509 12 0.000320220 0.0472017
516 12 0.000207184 0.0663702
540 12 0.000179398 0.0715891
415 13 0.000048648 0.107935
452 13 0.000243766 0.0599333
472 13 0.000445505 0.0240208
506 13 0.000426072 0.0282843
516 13 0.000383603 0.0364005
412 14 0.000044416 0.110023
471 14 0.000123694 0.0835703
481 14 0.000427352 0.0280179
484 14 0.000173783 0.0726911
499 14 0.000266509 0.0560892
509 14 0.000066487 0.100439
516 14 0.000426669 0.0281603
534 14 0.000218417 0.0643506
477 15 0.000417635 0.03
496 15 0.000296666 0.0510882
509 15 0.000464800 0.019105
555 15 0.000140079 0.0797621
432 16 0.000083764 0.0945145
474 16 0.000107771 0.0875957
496 16 0.000483286 0.0130384
504 16 0.000288764 0.0523927
509 16 0.000342684 0.0434626
515 16 0.000085851 0.0938616
526 16 0.000356598 0.0411096
547 16 0.000048502 0.108005
481 17 0.000231599 0.0620322
509 17 0.000448365 0.0233452
516 17 0.000134425 0.0810432
538 17 0.000039119 0.112872
540 17 0.000253308 0.0583095
564 17 0.000042504 0.111018
436 18 0.000127282 0.0827103
467 18 0.000188219 0.0698928
477 18 0.000427438 0.028
481 18 0.000073981 0.0977446
496 18 0.000402063 0.0330151
499 18 0.000225339 0.0631269
504 18 0.000178825 0.0717008
509 18 0.000441248 0.025
526 18 0.000348141 0.0425441
540 18 0.000180370 0.0714003
467 19 0.000337784 0.0442832
477 19 0.000311752 0.0486004
496 19 0.000496016 0.00632456
504 19 0.000400858 0.0332415
538 19 0.000253308 0.0583095
555 19 0.000109531 0.0871321
441 20 0.000153210 0.0769025
477 20 0.000059514 0.10316
481 20 0.000444170 0.0243311
499 20 0.000385140 0.0361248
509 20 0.000137994 0.0802309
534 20 0.000311129 0.0487032
548 20 0.000170991 0.0732462
604 20 0.000009539 0.140698
452 21 0.000213366 0.0652534
473 21 0.000200459 0.0676018
484 21 0.000459348 0.0205913
528 21 0.000356954 0.0410488
481 22 0.000421832 0.0291548
499 22 0.000471542 0.0171172
540 22 0.000207640 0.0662873
575 22 0.000071379 0.098656
441 23 0.000101881 0.0891852
452 23 0.000214607 0.0650308
472 23 0.000345367 0.0430116
484 23 0.000390102 0.0352278
506 23 0.000490393 0.00984886
528 23 0.000337717 0.0442945
534 23 0.000100545 0.0895545
548 23 0.000218942 0.0642573
471 24 0.000329774 0.045618
481 24 0.000338258 0.0442041
496 24 0.000088218 0.0931343
499 24 0.000499101 0.003
509 24 0.000354394 0.0414849
526 24 0.000119559 0.0845813
467 25 0.000339206 0.0440454
471 25 0.000047551 0.108462
474 25 0.000270375 0.0554437
477 25 0.000195744 0.0684763
496 25 0.000429065 0.0276586
498 25 0.000117779 0.0850235
504 25 0.000485611 0.012083
526 25 0.000274132 0.0548179
569 25 0.000091836 0.0920489
415 26 0.000025396 0.122066
452 26 0.000167036 0.0740405
472 26 0.000354677 0.0414367
499 26 0.000142795 0.0791581
506 26 0.000477139 0.0152971
528 26 0.000292016 0.0518556
534 26 0.000186720 0.0701783
536 26 0.000037360 0.113886
556 26 0.000080803 0.095462
452 27 0.000112529 0.0863539
472 27 0.000314885 0.0480833
509 27 0.000062403 0.102005
516 27 0.000490295 0.00989949
528 27 0.000208056 0.0662118
534 27 0.000296666 0.0510882
548 27 0.000293891 0.0515461
587 27 0.000005799 0.149282
499 28 0.000328195 0.0458803
509 28 0.000499500 0.00223607
516 28 0.000078902 0.0960833
526 28 0.000350236 0.04219
540 28 0.000323568 0.0466476
564 28 0.000044702 0.109877
569 28 0.000091708 0.0920869
576 28 0.000014492 0.13306
472 29 0.000237367 0.0610328
481 29 0.000354677 0.0414367
499 29 0.000360182 0.0404969
509 29 0.000134371 0.0810555
516 29 0.000479915 0.0143178
534 29 0.000396077 0.0341321
477 30 0.000299049 0.0506952
496 30 0.000443815 0.0244131
498 30 0.000019850 0.127012
499 30 0.000124563 0.0833607
504 30 0.000286463 0.0527731
509 30 0.000367678 0.0392046
526 30 0.000461189 0.0200998
538 30 0.000271133 0.0553173
540 30 0.000173644 0.0727186
477 31 0.000315389 0.048
496 31 0.000368193 0.0391152
509 31 0.000459256 0.0206155
526 31 0.000439048 0.0254951
538 31 0.000185937 0.0703278
472 32 0.000183646 0.0707672
473 32 0.000158985 0.0756902
506 32 0.000426669 0.0281603
510 32 0.000389400 0.0353553
536 32 0.000183609 0.0707743
548 32 0.000226243 0.0629682
556 32 0.000233273 0.0617414
570 32 0.000155183 0.0764853
467 33 0.000224664 0.0632456
496 33 0.000451605 0.022561
538 33 0.000356954 0.0410488
467 34 0.000038529 0.113208
509 34 0.000465265 0.0189737
540 34 0.000383910 0.0363456
575 34 0.000131974 0.0816088
449 35 0.000113956 0.0859884
477 35 0.000154193 0.0766942
481 35 0.000261964 0.0568507
499 35 0.000470412 0.0174642
509 35 0.000366210 0.0394588
516 35 0.000267043 0.056
538 35 0.000022274 0.124724
540 35 0.000366577 0.0393954
575 35 0.000147822 0.0780577
472 36 0.000142623 0.079196
499 36 0.000435636 0.0262488
509 36 0.000239465 0.0606712
548 36 0.000188219 0.0698928
575 36 0.000152141 0.0771298
587 36 0.000037488 0.113811
474 37 0.000188634 0.069814
504 37 0.000466570 0.0186011
505 37 0.000019098 0.127769
515 37 0.000296251 0.0511566
537 37 0.000072574 0.0982344
538 37 0.000417552 0.0300167
587 37 0.000032872 0.116662
473 38 0.000087322 0.0934077
481 38 0.000118369 0.0848764
506 38 0.000477235 0.0152643
528 38 0.000445416 0.0240416
532 38 0.000015032 0.132371
556 38 0.000198226 0.0680147
575 38 0.000020038 0.126827
441 39 0.000057847 0.103846
506 39 0.000464800 0.019105
528 39 0.000355885 0.0412311
548 39 0.000377514 0.0374833
556 39 0.000126901 0.082801
472 40 0.000176092 0.0722357
510 40 0.000041042 0.111803
516 40 0.000477330 0.0152315
534 40 0.000424371 0.0286356
540 40 0.000189921 0.0695701
589 40 0.000109663 0.0870976
477 41 0.000009446 0.140872
484 41 0.000128330 0.0824621
506 41 0.000371151 0.0386005
516 41 0.000469284 0.0178045
528 41 0.000264438 0.0564358
534 41 0.000335630 0.044643
548 41 0.000415303 0.0304631
570 41 0.000168142 0.0738173
444 42 0.000034090 0.115879
499 42 0.000269403 0.0556058
509 42 0.000449712 0.0230217
534 42 0.000216850 0.0646297
540 42 0.000414556 0.0306105
555 42 0.000369447 0.0388973
472 43 0.000052175 0.106301
509 43 0.000347098 0.04272
540 43 0.000449712 0.0230217
564 43 0.000194651 0.0686804
467 44 0.000109247 0.0872067
509 44 0.000328721 0.045793
526 44 0.000499600 0.002
538 44 0.000333822 0.0449444
569 44 0.000268327 0.0557853
497 45 0.000097613 0.090377
510 45 0.000358385 0.0408044
528 45 0.000497506 0.005
534 45 0.000059146 0.10331
536 45 0.000222429 0.0636396
564 45 0.000073951 0.0977548
570 45 0.000252045 0.0585235
589 45 0.000068690 0.0996243
603 45 0.000012028 0.136517
496 46 0.000128202 0.0824924
509 46 0.000409365 0.0316228
516 46 0.000141007 0.079555
534 46 0.000331096 0.0453982
569 46 0.000106230 0.0880057
587 46 0.000143252 0.0790569
477 47 0.000142709 0.079177
496 47 0.000344333 0.0431856
504 47 0.000323309 0.0466905
509 47 0.000225655 0.0630714
515 47 0.000153118 0.076922
526 47 0.000460728 0.0202237
547 47 0.000173228 0.0728011
569 47 0.000296251 0.0511566
599 47 0.000028784 0.119474
474 48 0.000021243 0.12567
509 48 0.000398939 0.0336006
538 48 0.000229662 0.0623699
555 48 0.000398221 0.0337343
481 49 0.000208848 0.0660681
506 49 0.000177223 0.0720139
509 49 0.000151564 0.0772528
534 49 0.000490393 0.00984886
548 49 0.000302296 0.0501597
564 49 0.000320989 0.0470744
575 49 0.000223053 0.0635295
444 50 0.000028174 0.119921
496 50 0.000291841 0.0518845
526 50 0.000360470 0.0404475
568 50 0.000079520 0.0958801
597 50 0.000113546 0.086093
509 51 0.000233086 0.0617738
516 51 0.000318368 0.0475079
534 51 0.000491572 0.00921954
569 51 0.000031945 0.117273
604 51 0.000077262 0.0966282
506 52 0.000387303 0.0357351
516 52 0.000251592 0.0586003
528 52 0.000479243 0.0145602
556 52 0.000293480 0.051614
506 53 0.000387536 0.0356931
516 53 0.000341862 0.0436005
528 53 0.000405373 0.0323883
548 53 0.000461558 0.02
564 53 0.000221630 0.0637809
570 53 0.000293421 0.0516236
589 53 0.000156336 0.076243
452 54 0.000028652 0.11957
528 54 0.000306436 0.0494773
548 54 0.000490393 0.00984886
564 54 0.000318878 0.0474236
499 55 0.000176586 0.0721388
506 55 0.000230490 0.0622254
534 55 0.000410924 0.0313209
540 55 0.000187618 0.0700071
564 55 0.000392528 0.0347851
570 55 0.000197001 0.0682422
575 55 0.000205328 0.0667083
587 55 0.000032937 0.116619
481 56 0.000041042 0.111803
496 56 0.000141714 0.0793977
504 56 0.000061216 0.102474
509 56 0.000339410 0.0440114
540 56 0.000445238 0.0240832
555 56 0.000461558 0.02
564 56 0.000105299 0.0882553
575 56 0.000250838 0.0587282
587 56 0.000259202 0.0573149
624 56 0.000006075 0.148499
499 57 0.000270375 0.0554437
509 57 0.000261964 0.0568507
516 57 0.000186720 0.0701783
526 57 0.000158985 0.0756902
540 57 0.000482996 0.0131529
564 57 0.000273529 0.0549181
477 58 0.000079600 0.0958541
496 58 0.000236372 0.0612046
509 58 0.000170172 0.0734098
538 58 0.000447559 0.0235372
481 59 0.000009806 0.140207
526 59 0.000457697 0.0210238
555 59 0.000421832 0.0291548
569 59 0.000384448 0.0362491
587 59 0.000220348 0.0640078
509 60 0.000291141 0.052
540 60 0.000342958 0.0434166
547 60 0.000050633 0.107005
555 60 0.000481068 0.0138924
587 60 0.000275616 0.0545711
484 61 0.000133675 0.0812158
506 61 0.000276499 0.0544243
516 61 0.000166936 0.0740608
528 61 0.000454505 0.0218403
534 61 0.000084235 0.0943663
564 61 0.000146088 0.0784347
570 61 0.000403432 0.0327567
589 61 0.000164681 0.0745185
509 62 0.000293891 0.0515461
534 62 0.000303387 0.04998
540 62 0.000490295 0.00989949
555 62 0.000412488 0.0310161
569 62 0.000163075 0.0748465
636 62 0.000011339 0.137594
506 63 0.000125062 0.0832406
534 63 0.000464336 0.0192354
548 63 0.000327408 0.0460109
575 63 0.000326885 0.0460977
449 64 0.000017024 0.13
499 64 0.000228060 0.0626498
509 64 0.000173055 0.0728354
516 64 0.000230398 0.0622415
534 64 0.000454050 0.0219545
540 64 0.000415802 0.0303645
575 64 0.000394180 0.0344819
604 64 0.000156931 0.0761183
615 64 0.000095146 0.0910824
515 65 0.000190682 0.0694262
537 65 0.000074710 0.0974936
538 65 0.000485417 0.0121655
547 65 0.000313816 0.0482597
555 65 0.000206564 0.0664831
569 65 0.000381537 0.0367696
576 65 0.000351289 0.0420119
597 65 0.000218811 0.0642806
599 65 0.000113070 0.0862148
481 66 0.000048164 0.108167
516 66 0.000237795 0.060959
528 66 0.000381385 0.0367967
534 66 0.000163663 0.0747262
556 66 0.000268650 0.0557315
570 66 0.000411006 0.031305
589 66 0.000246413 0.0594811
499 67 0.000072357 0.0983107
506 67 0.000218942 0.0642573
548 67 0.000490393 0.00984886
564 67 0.000384525 0.0362353
570 67 0.000352062 0.0418808
506 68 0.000145825 0.078492
510 68 0.000024498 0.122801
536 68 0.000010456 0.139058
540 68 0.000173228 0.0728011
548 68 0.000424286 0.0286531
564 68 0.000474190 0.0162788
575 68 0.000269780 0.0555428
589 68 0.000330236 0.0455412
615 68 0.000059229 0.103276
504 69 0.000163630 0.0747329
540 69 0.000115424 0.0856154
569 69 0.000473337 0.0165529
540 70 0.000446575 0.0237697
555 70 0.000349606 0.0422966
564 70 0.000280510 0.0537587
604 70 0.000183315 0.0708308
509 71 0.000156743 0.0761577
526 71 0.000351289 0.0420119
537 71 0.000009666 0.140464
538 71 0.000301753 0.0502494
569 71 0.000464429 0.0192094
597 71 0.000237367 0.0610328
509 72 0.000208848 0.0660681
534 72 0.000193139 0.0689638
547 72 0.000015838 0.131381
575 72 0.000345713 0.0429535
587 72 0.000383603 0.0364005
615 72 0.000169730 0.0734983
472 73 0.000027788 0.120208
528 73 0.000367017 0.0393192
556 73 0.000400137 0.0333766
570 73 0.000474664 0.0161245
603 73 0.000031281 0.11772
604 73 0.000044782 0.109836
623 73 0.000048902 0.107815
636 73 0.000028692 0.119541
555 74 0.000491179 0.00943398
576 74 0.000103856 0.0886454
587 74 0.000392528 0.0347851
534 75 0.000379634 0.037108
564 75 0.000486583 0.0116619
575 75 0.000396790 0.034
589 75 0.000293421 0.0516236
604 75 0.000252651 0.0584209
636 75 0.000071379 0.098656
474 76 0.000021693 0.125252
537 76 0.000063982 0.10139
540 76 0.000047428 0.108522
576 76 0.000432944 0.0268328
597 76 0.000341043 0.0437379
509 77 0.000100284 0.089627
516 77 0.000140753 0.0796116
526 77 0.000063447 0.101597
534 77 0.000348699 0.04245
540 77 0.000348699 0.04245
555 77 0.000207640 0.0662873
564 77 0.000417552 0.0300167
570 77 0.000075415 0.0972522
575 77 0.000478381 0.0148661
604 77 0.000275616 0.0545711
643 77 0.000054949 0.105076
484 78 0.000046044 0.109202
528 78 0.000297260 0.0509902
548 78 0.000400538 0.0333017
556 78 0.000294656 0.0514198
565 78 0.000059716 0.103078
570 78 0.000487168 0.0114018
589 78 0.000331958 0.0452548
661 78 0.000008743 0.142239
506 79 0.000146029 0.0784474
510 79 0.000051091 0.106794
536 79 0.000036184 0.114586
548 79 0.000435375 0.0263059
556 79 0.000191715 0.0692315
570 79 0.000429065 0.0276586
619 79 0.000190492 0.0694622
628 79 0.000052374 0.106212
516 80 0.000160743 0.075326
528 80 0.000135831 0.0807217
534 80 0.000228197 0.0626259
548 80 0.000382072 0.0366742
555 80 0.000032505 0.116902
556 80 0.000098082 0.0902441
570 80 0.000321375 0.0470106
575 80 0.000242938 0.060075
589 80 0.000442397 0.0247386
604 80 0.000253613 0.058258
504 81 0.000074710 0.0974936
526 81 0.000250087 0.0588558
555 81 0.000360182 0.0404969
569 81 0.000494827 0.0072111
587 81 0.000337784 0.0442832
597 81 0.000346613 0.0428019
656 81 0.000038893 0.113
499 82 0.000077448 0.096566
540 82 0.000360470 0.0404475
555 82 0.000379103 0.0372022
569 82 0.000187056 0.0701142
575 82 0.000440896 0.0250799
587 82 0.000414556 0.0306105
597 82 0.000078524 0.0962081
604 82 0.000214135 0.0651153
615 82 0.000271675 0.0552268
643 82 0.000065314 0.100881
528 83 0.000071895 0.0984733
548 83 0.000297617 0.0509313
575 83 0.000368783 0.0390128
589 83 0.000392293 0.0348281
600 83 0.000092722 0.0917878
604 83 0.000328195 0.0458803
615 83 0.000139102 0.0799812
548 84 0.000253613 0.058258
570 84 0.000478381 0.0148661
600 84 0.000391039 0.0350571
509 85 0.000045178 0.109636
538 85 0.000316590 0.0478017
540 85 0.000064794 0.101079
555 85 0.000238509 0.0608358
587 85 0.000227104 0.0628172
597 85 0.000415552 0.0304138
599 85 0.000174899 0.0724707
613 85 0.000250237 0.0588303
624 85 0.000167605 0.0739256
540 86 0.000324540 0.0464866
575 86 0.000498004 0.00447214
587 86 0.000318814 0.0474342
615 86 0.000282367 0.0534509
509 87 0.000109247 0.0872067
534 87 0.000105363 0.0882383
555 87 0.000427951 0.0278927
575 87 0.000314822 0.0480937
587 87 0.000480683 0.0140357
613 87 0.000255241 0.0579828
615 87 0.000259254 0.0573062
504 88 0.000035738 0.114856
526 88 0.000208681 0.0660984
555 88 0.000410595 0.0313847
587 88 0.000455323 0.0216333
613 88 0.000312314 0.0485077
624 88 0.000066050 0.100603
526 89 0.000029845 0.118714
540 89 0.000231738 0.0620081
564 89 0.000432079 0.0270185
587 89 0.000194379 0.0687314
589 89 0.000309082 0.0490408
643 89 0.000106379 0.0879659
548 90 0.000325841 0.0462709
570 90 0.000419980 0.0295296
575 90 0.000131948 0.0816149
588 90 0.000119511 0.0845931
589 90 0.000466570 0.0186011
615 90 0.000044908 0.109772
619 90 0.000306313 0.0494975
663 90 0.000051584 0.106569
548 91 0.000286062 0.0528394
570 91 0.000478381 0.0148661
588 91 0.000221585 0.0637887
589 91 0.000376609 0.0376431
619 91 0.000297439 0.0509608
547 92 0.000229020 0.062482
569 92 0.000374506 0.0380132
576 92 0.000459348 0.0205913
597 92 0.000440191 0.0252389
635 92 0.000050280 0.107168
534 93 0.000150296 0.0775242
540 93 0.000074934 0.0974166
548 93 0.000282367 0.0534509
564 93 0.000407324 0.0320156
570 93 0.000299049 0.0506952
604 93 0.000328655 0.0458039
619 93 0.000290211 0.0521536
526 94 0.000150808 0.0774145
538 94 0.000183315 0.0708308
564 94 0.000017167 0.129838
569 94 0.000444081 0.0243516
587 94 0.000374581 0.038
597 94 0.000408629 0.0317648
599 94 0.000102371 0.0890505
526 95 0.000109137 0.0872353
564 95 0.000127997 0.0825409
575 95 0.000353544 0.0416293
587 95 0.000488045 0.011
599 95 0.000011510 0.137321
613 95 0.000279613 0.0539073
615 95 0.000361625 0.0402492
635 95 0.000222429 0.0636396
643 95 0.000103711 0.0886848
516 96 0.000073627 0.0978673
540 96 0.000118417 0.0848646
548 96 0.000210694 0.0657343
564 96 0.000422592 0.029
570 96 0.000183279 0.0708378
587 96 0.000102474 0.0890225
589 96 0.000436421 0.0260768
604 96 0.000424541 0.0286007
636 96 0.000228837 0.062514
534 97 0.000166169 0.0742159
540 97 0.000210399 0.0657875
548 97 0.000091983 0.0920054
570 97 0.000051224 0.106733
575 97 0.000460728 0.0202237
587 97 0.000290618 0.0520865
597 97 0.000029994 0.118609
604 97 0.000418974 0.0297321
615 97 0.000361770 0.0402244
504 98 0.000038429 0.113265
526 98 0.000116351 0.0853815
569 98 0.000421832 0.0291548
597 98 0.000480203 0.0142127
613 98 0.000356598 0.0411096
624 98 0.000238271 0.0608769
640 98 0.000208181 0.0661891
555 99 0.000244449 0.0598164
564 99 0.000205205 0.0667308
575 99 0.000421579 0.0292062
587 99 0.000409611 0.0315753
604 99 0.000332356 0.0451885
613 99 0.000200780 0.0675426
615 99 0.000417301 0.0300666
668 99 0.000059146 0.10331
555 100 0.000313816 0.0482597
587 100 0.000483286 0.0130384
635 100 0.000258167 0.0574891
640 100 0.000134371 0.0810555
589 101 0.000345713 0.0429535
615 101 0.000305396 0.0496488
564 102 0.000224620 0.0632535
570 102 0.000371894 0.0384708
575 102 0.000085662 0.0939202
643 102 0.000055568 0.104809
650 102 0.000173575 0.0727324
655 102 0.000010022 0.139818
663 102 0.000105976 0.0880738
548 103 0.000163761 0.0747061
556 103 0.000216807 0.0646375
564 103 0.000132477 0.0814923
565 103 0.000075249 0.0973088
570 103 0.000395523 0.0342345
600 103 0.000482320 0.0134164
619 103 0.000380166 0.0370135
569 104 0.000328655 0.0458039
576 104 0.000368562 0.0390512
587 104 0.000165605 0.0743303
613 104 0.000316274 0.0478539
624 104 0.000345367 0.0430116
640 104 0.000260658 0.0570701
548 105 0.000201141 0.0674759
556 105 0.000077588 0.0965194
570 105 0.000288706 0.0524023
575 105 0.000163630 0.0747329
589 105 0.000489707 0.010198
615 105 0.000096448 0.0907083
619 105 0.000394575 0.0344093
681 105 0.000018750 0.128129
538 106 0.000101881 0.0891852
540 106 0.000080916 0.0954254
555 106 0.000234864 0.0614654
587 106 0.000401500 0.033121
597 106 0.000380166 0.0370135
613 106 0.000465079 0.0190263
615 106 0.000235523 0.0613514
624 106 0.000155183 0.0764853
635 106 0.000265233 0.0563028
587 107 0.000451967 0.0224722
597 107 0.000147615 0.0781025
613 107 0.000333822 0.0449444
615 107 0.000445416 0.0240416
656 107 0.000127181 0.0827345
668 107 0.000096584 0.0906697
540 108 0.000127282 0.0827103
548 108 0.000055936 0.104652
587 108 0.000272110 0.0551543
589 108 0.000208015 0.0662193
604 108 0.000456326 0.0213776
613 108 0.000129439 0.082201
615 108 0.000433897 0.0266271
635 108 0.000217372 0.0645368
643 108 0.000266189 0.0561427
534 109 0.000085525 0.0939628
570 109 0.000175144 0.0724224
575 109 0.000236278 0.0612209
589 109 0.000442309 0.0247588
600 109 0.000162196 0.0750267
604 109 0.000439839 0.025318
615 109 0.000189579 0.0696348
619 109 0.000332423 0.0451774
628 109 0.000058769 0.103465
643 109 0.000187656 0.07
650 109 0.000104711 0.0884138
699 109 0.000012926 0.135192
555 110 0.000154873 0.0765506
569 110 0.000327212 0.0460435
576 110 0.000223723 0.0634114
597 110 0.000462667 0.0196977
599 110 0.000152263 0.0771038
613 110 0.000455323 0.0216333
640 110 0.000309082 0.0490408
526 111 0.000025987 0.121594
534 111 0.000060196 0.102883
564 111 0.000149039 0.0777946
587 111 0.000347585 0.042638
597 111 0.000068416 0.0997246
615 111 0.000490393 0.00984886
643 111 0.000275285 0.054626
540 112 0.000084911 0.0941541
555 112 0.000192946 0.069
587 112 0.000424371 0.0286356
604 112 0.000147822 0.0780577
613 112 0.000441248 0.025
640 112 0.000187656 0.07
564 113 0.000204345 0.066888
588 113 0.000085525 0.0939628
600 113 0.000307849 0.0492443
636 113 0.000342958 0.0434166
643 113 0.000124040 0.0834865
661 113 0.000040675 0.112004
663 113 0.000191983 0.0691809
705 113 0.000017560 0.129402
548 114 0.000079520 0.0958801
570 114 0.000280510 0.0537587
589 114 0.000222874 0.063561
600 114 0.000487948 0.0110454
623 114 0.000224216 0.0633246
628 114 0.000395681 0.0342053
650 114 0.000282876 0.0533667
681 114 0.000081191 0.0953362
564 115 0.000246068 0.0595399
587 115 0.000109685 0.0870919
604 115 0.000487168 0.0114018
615 115 0.000290211 0.0521536
619 115 0.000261755 0.0568859
636 115 0.000387071 0.0357771
548 116 0.000106039 0.0880568
570 116 0.000281465 0.0536004
588 116 0.000176833 0.0720902
600 116 0.000430785 0.0272947
619 116 0.000478381 0.0148661
555 117 0.000080916 0.0954254
613 117 0.000391274 0.0350143
624 117 0.000384448 0.0362491
635 117 0.000172192 0.0730068
656 117 0.000180984 0.0712811
604 118 0.000478381 0.0148661
676 118 0.000117285 0.0851469
547 119 0.000074695 0.0974987
576 119 0.000275616 0.0545711
597 119 0.000422254 0.0290689
599 119 0.000340293 0.0438634
624 119 0.000469660 0.0176918
640 119 0.000361770 0.0402244
599 120 0.000060923 0.102591
624 120 0.000162489 0.0749667
635 120 0.000381537 0.0367696
640 120 0.000301270 0.0503289
643 120 0.000104210 0.0885494
656 120 0.000266989 0.0560089
604 121 0.000272546 0.0550818
613 121 0.000307787 0.0492544
615 121 0.000488534 0.0107703
635 121 0.000424541 0.0286007
643 121 0.000293421 0.0516236
540 122 0.000022180 0.124808
575 122 0.000136320 0.0806102
589 122 0.000379634 0.037108
619 122 0.000412241 0.0310644
636 122 0.000438433 0.025632
643 122 0.000226017 0.0630079
650 122 0.000191868 0.0692026
681 122 0.000038268 0.113358
699 122 0.000025842 0.121709
555 123 0.000090959 0.0923093
575 123 0.000045341 0.109554
597 123 0.000376609 0.0376431
613 123 0.000477999 0.015
615 123 0.000180117 0.0714493
624 123 0.000265711 0.0562228
637 123 0.000050039 0.10728
640 123 0.000403190 0.0328024
587 124 0.000327408 0.0460109
613 124 0.000402707 0.0328938
615 124 0.000418974 0.0297321
635 124 0.000471825 0.0170294
656 124 0.000280790 0.0537122
668 124 0.000205205 0.0667308
564 125 0.000116934 0.085235
604 125 0.000395681 0.0342053
615 125 0.000465638 0.018868
643 125 0.000404401 0.032573
528 126 0.000021659 0.125284
556 126 0.000050210 0.107201
589 126 0.000329313 0.0456946
600 126 0.000318814 0.0474342
604 126 0.000217502 0.0645136
619 126 0.000496810 0.00565685
628 126 0.000231877 0.0619839
636 126 0.000361625 0.0402492
650 126 0.000329840 0.045607
661 126 0.000080948 0.0954149
570 127 0.000201141 0.0674759
589 127 0.000217372 0.0645368
600 127 0.000426669 0.0281603
619 127 0.000430785 0.0272947
650 127 0.000385140 0.0361248
604 128 0.000405049 0.03245
619 128 0.000315074 0.0480521
628 128 0.000057192 0.10412
676 128 0.000200459 0.0676018
526 129 0.000013966 0.133754
555 129 0.000048882 0.107824
568 129 0.000024182 0.123065
569 129 0.000149099 0.0777817
576 129 0.000134076 0.0811234
604 129 0.000015153 0.13222
613 129 0.000402063 0.0330151
624 129 0.000355458 0.0413038
635 129 0.000245233 0.0596825
698 129 0.000059134 0.103315
604 130 0.000417552 0.0300167
615 130 0.000326885 0.0460977
619 130 0.000202271 0.0672681
635 130 0.000190492 0.0694622
636 130 0.000429752 0.0275136
643 130 0.000431216 0.0272029
676 130 0.000216028 0.0647765
597 131 0.000350166 0.0422019
613 131 0.000299828 0.0505668
624 131 0.000449443 0.0230868
640 131 0.000462297 0.019799
660 131 0.000041067 0.11179
674 131 0.000242599 0.0601332
698 131 0.000083363 0.0946414
587 132 0.000249587 0.0589406
604 132 0.000089659 0.0926984
613 132 0.000433897 0.0266271
635 132 0.000468534 0.0180278
640 132 0.000310756 0.0487647
615 133 0.000457697 0.0210238
643 133 0.000398939 0.0336006
564 134 0.000062216 0.102078
570 134 0.000145709 0.0785175
619 134 0.000468534 0.0180278
636 134 0.000300308 0.0504876
650 134 0.000424286 0.0286531
668 134 0.000013445 0.134462
604 135 0.000258529 0.0574282
636 135 0.000450613 0.0228035
650 135 0.000313127 0.0483735
655 135 0.000009785 0.140246
668 135 0.000047050 0.108706
681 135 0.000094444 0.0912853
705 135 0.000065066 0.100975
569 136 0.000113956 0.0859884
587 136 0.000186421 0.0702353
599 136 0.000063562 0.101553
613 136 0.000431388 0.0271662
615 136 0.000202473 0.0672309
635 136 0.000391274 0.0350143
640 136 0.000417218 0.0300832
555 137 0.000052374 0.106212
597 137 0.000097437 0.0904268
613 137 0.000306865 0.0494065
615 137 0.000397664 0.0338378
635 137 0.000493542 0.00806226
668 137 0.000322405 0.0468402
674 137 0.000075869 0.0970979
600 138 0.000020590 0.126289
636 138 0.000345436 0.043
699 138 0.000125162 0.0832166
588 139 0.000017476 0.129495
589 139 0.000213067 0.065307
604 139 0.000288533 0.0524309
619 139 0.000341862 0.0436005
663 139 0.000389400 0.0353553
668 139 0.000102535 0.0890056
676 139 0.000272110 0.0551543
686 139 0.000009446 0.140872
691 139 0.000140107 0.0797559
575 140 0.000096140 0.0907965
604 140 0.000246857 0.0594054
615 140 0.000375406 0.037855
619 140 0.000055835 0.104695
635 140 0.000383603 0.0364005
643 140 0.000467130 0.0184391
656 140 0.000213964 0.065146
668 140 0.000371002 0.0386264
699 140 0.000163238 0.0748131
589 141 0.000146732 0.0782943
615 141 0.000235240 0.0614003
635 141 0.000154379 0.0766551
636 141 0.000457697 0.0210238
643 141 0.000448365 0.0233452
676 141 0.000326885 0.0460977
706 141 0.000042752 0.110887
570 142 0.000076831 0.0967729
604 142 0.000149846 0.0776209
619 142 0.000411253 0.031257
628 142 0.000225700 0.0630635
636 142 0.000379634 0.037108
643 142 0.000147615 0.0781025
663 142 0.000419980 0.0295296
681 142 0.000183646 0.0707672
691 142 0.000216850 0.0646297
588 143 0.000102474 0.0890225
628 143 0.000371819 0.0384838
636 143 0.000228060 0.0626498
650 143 0.000491572 0.00921954
663 143 0.000317161 0.0477074
681 143 0.000264280 0.0564624
691 143 0.000208015 0.0662193
587 144 0.000101434 0.0893085
597 144 0.000236798 0.061131
637 144 0.000075189 0.0973293
640 144 0.000484253 0.0126491
659 144 0.000212217 0.0654599
674 144 0.000318942 0.0474131
686 144 0.000228060 0.0626498
613 145 0.000318368 0.0475079
615 145 0.000284180 0.0531507
624 145 0.000079520 0.0958801
640 145 0.000265127 0.0563205
643 145 0.000237510 0.0610082
656 145 0.000439048 0.0254951
674 145 0.000151928 0.0771751
686 145 0.000255905 0.0578705
597 146 0.000231044 0.0621289
613 146 0.000255139 0.058
624 146 0.000365406 0.039598
640 146 0.000488827 0.0106301
575 147 0.000026233 0.1214
613 147 0.000331096 0.0453982
615 147 0.000193564 0.068884
656 147 0.000483286 0.0130384
674 147 0.000243376 0.06
710 147 0.000097262 0.0904765
569 148 0.000022701 0.124342
613 148 0.000195119 0.068593
615 148 0.000315074 0.0480521
635 148 0.000435636 0.0262488
640 148 0.000130140 0.0820366
663 148 0.000064290 0.101272
686 148 0.000217894 0.0644438
615 150 0.000065733 0.100722
619 150 0.000318878 0.0474236
636 150 0.000422592 0.029
663 150 0.000480395 0.0141421
668 150 0.000076112 0.0970155
676 150 0.000306191 0.0495177
706 150 0.000015537 0.131746
724 150 0.000063562 0.101553
604 151 0.000219293 0.064195
615 151 0.000137113 0.0804301
636 151 0.000451605 0.022561
643 151 0.000374132 0.0380789
650 151 0.000192329 0.0691158
663 151 0.000417802 0.0299666
691 151 0.000180261 0.0714213
600 152 0.000181564 0.0711688
619 152 0.000331361 0.0453542
623 152 0.000084033 0.0944299
650 152 0.000481838 0.0136015
661 152 0.000208681 0.0660984
676 152 0.000163859 0.074686
691 152 0.000295069 0.0513517
705 152 0.000122487 0.083863
724 152 0.000092722 0.0917878
604 153 0.000178861 0.0716938
619 153 0.000054850 0.105119
635 153 0.000300368 0.0504777
663 153 0.000160262 0.0754255
668 153 0.000429065 0.0276586
676 153 0.000325059 0.0464004
615 154 0.000228288 0.0626099
635 154 0.000422508 0.0290172
640 154 0.000205205 0.0667308
656 154 0.000436683 0.0260192
668 154 0.000428379 0.0278029
674 154 0.000153486 0.076844
686 154 0.000325515 0.0463249
705 154 0.000024052 0.123175
706 154 0.000201746 0.0673647
597 155 0.000125362 0.0831685
637 155 0.000043294 0.110603
640 155 0.000404482 0.0325576
643 155 0.000077619 0.0965091
656 155 0.000477903 0.0150333
674 155 0.000369817 0.038833
698 155 0.000132159 0.0815659
587 156 0.000040029 0.112361
597 156 0.000138021 0.0802247
613 156 0.000203285 0.067082
624 156 0.000245331 0.0596657
630 156 0.000007237 0.145523
637 156 0.000093001 0.0917061
640 156 0.000440896 0.0250799
659 156 0.000291141 0.052
674 156 0.000444793 0.0241868
686 156 0.000297736 0.0509117
706 156 0.000087410 0.0933809
731 156 0.000062753 0.101868
599 157 0.000102310 0.0890674
615 157 0.000020211 0.126657
674 157 0.000455961 0.0214709
686 157 0.000202473 0.0672309
706 157 0.000045870 0.109289
575 158 0.000031013 0.117903
604 158 0.000171916 0.0730616
663 158 0.000339410 0.0440114
676 158 0.000454505 0.0218403
691 158 0.000150296 0.0775242
706 158 0.000096796 0.0906091
600 159 0.000102556 0.089
619 159 0.000260241 0.0571402
628 159 0.000166936 0.0740608
636 159 0.000301994 0.0502096
643 159 0.000134425 0.0810432
650 159 0.000403432 0.0327567
681 159 0.000275506 0.0545894
724 159 0.000127997 0.0825409
569 160 0.000019515 0.127346
587 160 0.000061351 0.102421
624 160 0.000078383 0.0962549
635 160 0.000348489 0.0424853
640 160 0.000275175 0.0546443
643 160 0.000158002 0.0758947
656 160 0.000487362 0.0113137
668 160 0.000358457 0.0407922
619 161 0.000200459 0.0676018
650 161 0.000242890 0.0600833
663 161 0.000477616 0.0151327
691 161 0.000289052 0.052345
699 161 0.000174899 0.0724707
705 161 0.000261023 0.0570088
604 162 0.000105531 0.088193
615 162 0.000209225 0.066
635 162 0.000318814 0.0474342
643 162 0.000385449 0.0360694
668 162 0.000491572 0.00921954
676 162 0.000274790 0.0547083
699 162 0.000310259 0.0488467
771 162 0.000009794 0.140228
636 163 0.000169357 0.0735731
650 163 0.000461466 0.020025
681 163 0.000411829 0.0311448
691 163 0.000366797 0.0393573
729 163 0.000027688 0.120283
635 164 0.000334022 0.044911
656 164 0.000371002 0.0386264
668 164 0.000485417 0.0121655
686 164 0.000348768 0.0424382
699 164 0.000276112 0.0544885
706 164 0.000290618 0.0520865
732 164 0.000093001 0.0917061
604 165 0.000118156 0.0849294
635 165 0.000194184 0.0687677
643 165 0.000412488 0.0310161
650 165 0.000044239 0.110114
668 165 0.000412488 0.0310161
676 165 0.000421832 0.0291548
686 165 0.000133221 0.0813204
699 165 0.000366210 0.0394588
