1141 1150 
380 0 0.000183251 0.13568
417 0 0.000183251 0.0976166
449 0 0.000183251 0.0570088
452 0 0.000183251 0.0566127
477 0 0.000183251 0.117004
484 0 0.000183251 0.0739797
509 0 0.000183251 0.106513
534 0 0.000183251 0.0832586
589 0 0.000183251 0.149405
398 1 0.000102832 0.125801
407 1 0.000102832 0.0980816
408 1 0.000102832 0.121918
417 1 0.000102832 0.0898944
449 1 0.000102832 0.0676757
477 1 0.000102832 0.0161245
516 1 0.000102832 0.10959
526 1 0.000102832 0.0728972
534 1 0.000102832 0.0990858
538 1 0.000102832 0.111759
540 1 0.000102832 0.0872812
575 1 0.000102832 0.133195
587 1 0.000102832 0.142032
446 2 0.000275388 0.136616
449 2 0.000275388 0.0744312
452 2 0.000275388 0.045
471 2 0.000275388 0.0966282
477 2 0.000275388 0.136015
481 2 0.000275388 0.0411096
497 2 0.000275388 0.134733
575 2 0.000275388 0.145262
465 3 0.000298024 0.131107
471 3 0.000298024 0.0625859
477 3 0.000298024 0.021587
504 3 0.000298024 0.0599083
555 3 0.000298024 0.101922
407 4 0.000019327 0.109275
449 4 0.000019327 0.0545619
467 4 0.000019327 0.095352
471 4 0.000019327 0.0145602
474 4 0.000019327 0.139176
504 4 0.000019327 0.111973
555 4 0.000019327 0.102201
397 5 0.000206855 0.11183
401 5 0.000206855 0.145671
408 5 0.000206855 0.138593
432 5 0.000206855 0.0912195
449 5 0.000206855 0.086093
467 5 0.000206855 0.0591354
471 5 0.000206855 0.04531
509 5 0.000206855 0.0413401
515 5 0.000206855 0.116456
526 5 0.000206855 0.0608769
436 6 0.000238096 0.095901
441 6 0.000238096 0.0588727
444 6 0.000238096 0.12855
471 6 0.000238096 0.0578705
499 6 0.000238096 0.0394081
528 6 0.000238096 0.106254
534 6 0.000238096 0.067082
371 7 0.000270725 0.148788
397 7 0.000270725 0.128129
407 7 0.000270725 0.102611
477 7 0.000270725 0.0422019
496 7 0.000270725 0.0187883
505 7 0.000270725 0.148852
376 8 0.000568014 0.141354
467 8 0.000568014 0.136624
481 8 0.000568014 0.0186815
510 8 0.000568014 0.145784
441 9 0.000173303 0.0714003
452 9 0.000173303 0.0451774
453 9 0.000173303 0.0629682
469 9 0.000173303 0.1386
510 9 0.000173303 0.068
528 9 0.000173303 0.0633246
408 10 0.000303028 0.130729
412 10 0.000303028 0.105849
426 10 0.000303028 0.0887525
452 10 0.000303028 0.0477598
484 10 0.000303028 0.011
516 10 0.000303028 0.0744312
548 10 0.000303028 0.0898944
397 11 0.000216189 0.141605
401 11 0.000216189 0.117175
449 11 0.000216189 0.141739
467 11 0.000216189 0.0241868
504 11 0.000216189 0.0269258
509 11 0.000216189 0.0863771
538 11 0.000216189 0.07
568 11 0.000216189 0.13381
569 11 0.000216189 0.111571
496 12 0.000405471 0.0917878
504 12 0.000405471 0.131034
534 12 0.000405471 0.065
538 12 0.000405471 0.137058
555 12 0.000405471 0.10171
408 13 0.000221085 0.117393
412 13 0.000221085 0.107019
452 13 0.000221085 0.0599333
471 13 0.000221085 0.101242
516 13 0.000221085 0.0364005
540 13 0.000221085 0.114285
548 13 0.000221085 0.071007
412 14 0.000249618 0.110023
441 14 0.000249618 0.0670298
484 14 0.000249618 0.0726911
516 14 0.000249618 0.0281603
555 14 0.000249618 0.138004
556 14 0.000249618 0.123907
570 14 0.000249618 0.114039
398 15 0.000146576 0.145114
407 15 0.000146576 0.119549
417 15 0.000146576 0.109202
444 15 0.000146576 0.0776981
499 15 0.000146576 0.0457056
526 15 0.000146576 0.0554437
534 15 0.000146576 0.0826196
548 15 0.000146576 0.137437
564 15 0.000146576 0.12532
449 16 0.000599073 0.110941
515 16 0.000599073 0.0938616
587 16 0.000599073 0.122528
397 17 0.000143665 0.128763
452 17 0.000143665 0.139989
467 17 0.000143665 0.102318
471 17 0.000143665 0.0361248
472 17 0.000143665 0.10374
477 17 0.000143665 0.0458039
526 17 0.000143665 0.0672012
540 17 0.000143665 0.0583095
436 18 0.000288101 0.0827103
467 18 0.000288101 0.0698928
472 18 0.000288101 0.139714
474 18 0.000288101 0.10728
509 18 0.000288101 0.025
534 18 0.000288101 0.0953834
547 18 0.000288101 0.123665
555 18 0.000288101 0.075326
569 18 0.000288101 0.0986813
432 19 0.000212139 0.089493
436 19 0.000212139 0.100802
444 19 0.000212139 0.0727805
474 19 0.000212139 0.0711126
498 19 0.000212139 0.106019
504 19 0.000212139 0.0332415
509 19 0.000212139 0.0606383
515 19 0.000212139 0.0747262
540 19 0.000212139 0.0992975
417 20 0.000238812 0.114948
449 20 0.000238812 0.0703847
452 20 0.000238812 0.0898053
473 20 0.000238812 0.143837
481 20 0.000238812 0.0243311
540 20 0.000238812 0.079196
575 20 0.000238812 0.104752
400 21 0.000136681 0.144627
408 21 0.000136681 0.145661
412 21 0.000136681 0.123033
415 21 0.000136681 0.108
426 21 0.000136681 0.103769
446 21 0.000136681 0.110259
472 21 0.000136681 0.055
534 21 0.000136681 0.107355
600 21 0.000136681 0.134093
408 22 0.000293099 0.121062
444 22 0.000293099 0.12567
471 22 0.000293099 0.0558659
587 22 0.000293099 0.132231
473 23 0.000366593 0.0854927
497 23 0.000366593 0.107019
510 23 0.000366593 0.0592284
516 23 0.000366593 0.0493964
532 23 0.000366593 0.141089
556 23 0.000366593 0.0879204
397 24 0.000288217 0.138051
467 24 0.000288217 0.125591
472 24 0.000288217 0.0840952
540 24 0.000288217 0.0556597
570 24 0.000288217 0.141993
604 24 0.000288217 0.139262
407 25 0.000375216 0.129973
432 25 0.000375216 0.0892749
474 25 0.000375216 0.0554437
509 25 0.000375216 0.0806226
538 25 0.000375216 0.05001
599 25 0.000375216 0.140014
412 26 0.000587981 0.124036
417 26 0.000587981 0.143003
516 26 0.000587981 0.0295466
426 27 0.000297421 0.149201
453 27 0.000297421 0.111198
473 27 0.000297421 0.125718
499 27 0.000297421 0.0598415
528 27 0.000297421 0.0662118
534 27 0.000297421 0.0510882
449 28 0.000432826 0.0967988
467 28 0.000432826 0.0952103
534 28 0.000432826 0.0706824
597 28 0.000432826 0.134833
452 29 0.000392518 0.101213
481 29 0.000392518 0.0414367
496 29 0.000392518 0.13534
510 29 0.000392518 0.118038
619 29 0.000392518 0.148327
417 30 0.000222489 0.146291
436 30 0.000222489 0.106775
440 30 0.000222489 0.129634
444 30 0.000222489 0.0890898
471 30 0.000222489 0.0813449
534 30 0.000222489 0.105773
540 30 0.000222489 0.0727186
564 30 0.000222489 0.139789
568 30 0.000222489 0.141834
597 30 0.000222489 0.117047
615 30 0.000222489 0.146322
432 31 0.000252546 0.123713
471 31 0.000252546 0.0696348
472 31 0.000252546 0.145602
481 31 0.000252546 0.104278
504 31 0.000252546 0.0717008
564 31 0.000252546 0.123146
576 31 0.000252546 0.116726
446 32 0.000195701 0.120283
469 32 0.000195701 0.126127
472 32 0.000195701 0.0707672
497 32 0.000195701 0.086122
499 32 0.000195701 0.122053
532 32 0.000195701 0.114543
534 32 0.000195701 0.104547
536 32 0.000195701 0.0707743
588 32 0.000195701 0.107935
589 32 0.000195701 0.114612
407 33 0.000147603 0.140431
449 33 0.000147603 0.139014
471 33 0.000147603 0.0972008
481 33 0.000147603 0.140089
505 33 0.000147603 0.149335
537 33 0.000147603 0.12054
569 33 0.000147603 0.0721734
471 34 0.000169946 0.0580345
477 34 0.000169946 0.0620081
506 34 0.000169946 0.11934
540 34 0.000169946 0.0363456
548 34 0.000169946 0.108462
589 34 0.000169946 0.133795
408 35 0.000166958 0.14384
441 35 0.000166958 0.110788
452 35 0.000166958 0.13306
467 35 0.000166958 0.131488
477 35 0.000166958 0.0766942
496 35 0.000166958 0.0945939
499 35 0.000166958 0.0174642
506 35 0.000166958 0.0984124
528 35 0.000166958 0.12478
540 35 0.000166958 0.0393954
555 35 0.000166958 0.0749667
575 35 0.000166958 0.0780577
589 35 0.000166958 0.120673
509 36 0.000239115 0.0606712
526 36 0.000239115 0.0981529
556 36 0.000239115 0.140014
570 36 0.000239115 0.113851
575 36 0.000239115 0.0771298
436 37 0.000298710 0.132612
440 37 0.000298710 0.112401
474 37 0.000298710 0.069814
568 37 0.000298710 0.104995
613 37 0.000298710 0.133135
415 38 0.000272328 0.13285
506 38 0.000272328 0.0152643
528 38 0.000272328 0.0240416
536 38 0.000272328 0.0870919
540 38 0.000272328 0.126127
441 39 0.000153661 0.103846
449 39 0.000153661 0.115256
484 39 0.000153661 0.0629682
510 39 0.000153661 0.0758024
534 39 0.000153661 0.0645136
556 39 0.000153661 0.082801
570 39 0.000153661 0.0733894
600 39 0.000153661 0.116456
604 39 0.000153661 0.129252
441 40 0.000236403 0.109225
481 40 0.000236403 0.0596657
496 40 0.000236403 0.146492
509 40 0.000236403 0.0912195
555 40 0.000236403 0.109563
615 40 0.000236403 0.134826
509 41 0.000360287 0.10787
526 41 0.000360287 0.143056
534 41 0.000360287 0.044643
536 41 0.000360287 0.123685
555 41 0.000360287 0.125543
556 41 0.000360287 0.0934719
432 42 0.000219257 0.149265
474 42 0.000219257 0.139671
548 42 0.000219257 0.121598
576 42 0.000219257 0.121078
587 42 0.000219257 0.0782304
613 42 0.000219257 0.118596
615 42 0.000219257 0.116297
635 42 0.000219257 0.141057
417 43 0.000173939 0.144003
471 43 0.000173939 0.0766877
540 43 0.000173939 0.0230217
548 43 0.000173939 0.0857263
555 43 0.000173939 0.0614003
604 43 0.000173939 0.107005
436 44 0.000192465 0.125543
471 44 0.000192465 0.0962133
481 44 0.000192465 0.129769
509 44 0.000192465 0.045793
568 44 0.000192465 0.132503
575 44 0.000192465 0.100802
599 44 0.000192465 0.13366
604 44 0.000192465 0.145671
472 45 0.000328359 0.0868389
506 45 0.000328359 0.0396232
536 45 0.000328359 0.0636396
540 45 0.000328359 0.144128
619 45 0.000328359 0.124326
436 46 0.000139906 0.122188
471 46 0.000139906 0.0780256
496 46 0.000139906 0.0824924
499 46 0.000139906 0.0446542
506 46 0.000139906 0.122483
570 46 0.000139906 0.141693
576 46 0.000139906 0.136418
587 46 0.000139906 0.0790569
613 46 0.000139906 0.122984
474 47 0.000429623 0.0976729
504 47 0.000429623 0.0466905
540 47 0.000429623 0.0813941
576 47 0.000429623 0.0752861
635 47 0.000429623 0.146537
477 48 0.000524032 0.07
481 48 0.000524032 0.115109
555 49 0.000624789 0.090824
600 49 0.000624789 0.130817
615 49 0.000624789 0.119921
444 50 0.000087355 0.119921
467 50 0.000087355 0.084006
471 50 0.000087355 0.127016
474 50 0.000087355 0.087983
477 50 0.000087355 0.0926175
509 50 0.000087355 0.0826378
515 50 0.000087355 0.0590931
569 50 0.000087355 0.0536656
599 50 0.000087355 0.105475
613 50 0.000087355 0.113296
481 51 0.000230447 0.0711688
504 51 0.000230447 0.149164
506 51 0.000230447 0.0893197
569 51 0.000230447 0.117273
619 51 0.000230447 0.13618
426 52 0.000282324 0.149563
497 52 0.000282324 0.109659
540 52 0.000282324 0.125483
556 52 0.000282324 0.051614
600 52 0.000282324 0.0906091
449 53 0.000174440 0.135665
472 53 0.000174440 0.0802309
497 53 0.000174440 0.126649
499 53 0.000174440 0.0970464
510 53 0.000174440 0.0760592
516 53 0.000174440 0.0436005
528 53 0.000174440 0.0323883
532 53 0.000174440 0.146031
534 53 0.000174440 0.067
555 53 0.000174440 0.145715
570 53 0.000174440 0.0516236
575 53 0.000174440 0.102215
604 53 0.000174440 0.114285
441 54 0.000163480 0.129259
449 54 0.000163480 0.133297
499 54 0.000163480 0.0868389
506 54 0.000163480 0.0478853
536 54 0.000163480 0.115156
570 54 0.000163480 0.0539073
619 54 0.000163480 0.105224
481 55 0.000229177 0.0810247
484 55 0.000229177 0.106104
499 55 0.000229177 0.0721388
509 55 0.000229177 0.101637
516 55 0.000229177 0.0350571
555 55 0.000229177 0.107689
556 55 0.000229177 0.0990404
619 55 0.000229177 0.108503
471 56 0.000131975 0.09827
477 56 0.000131975 0.0890505
481 56 0.000131975 0.111803
496 56 0.000131975 0.0793977
499 56 0.000131975 0.0704344
504 56 0.000131975 0.102474
506 56 0.000131975 0.145784
526 56 0.000131975 0.0411825
534 56 0.000131975 0.0651153
547 56 0.000131975 0.126036
548 56 0.000131975 0.119067
569 56 0.000131975 0.0621289
576 56 0.000131975 0.11179
613 56 0.000131975 0.0987927
624 56 0.000131975 0.148499
643 56 0.000131975 0.142678
436 57 0.000148597 0.143339
441 57 0.000148597 0.145908
477 57 0.000148597 0.103465
509 57 0.000148597 0.0568507
526 57 0.000148597 0.0756902
538 57 0.000148597 0.117068
548 57 0.000148597 0.0820975
555 57 0.000148597 0.0515461
597 57 0.000148597 0.130633
619 57 0.000148597 0.136517
636 57 0.000148597 0.132503
467 58 0.000133386 0.101
498 58 0.000133386 0.121235
499 58 0.000133386 0.115486
538 58 0.000133386 0.0235372
574 58 0.000133386 0.147258
587 58 0.000133386 0.075743
624 58 0.000133386 0.115039
496 59 0.000249022 0.0628172
498 59 0.000249022 0.139205
515 59 0.000249022 0.100846
599 59 0.000249022 0.120254
604 59 0.000249022 0.131034
615 59 0.000249022 0.109836
444 60 0.000360354 0.134974
499 60 0.000360354 0.0863134
624 60 0.000360354 0.132774
635 60 0.000360354 0.116966
453 61 0.000305008 0.126372
532 61 0.000305008 0.121495
536 61 0.000305008 0.0745252
575 61 0.000305008 0.119549
588 61 0.000305008 0.075743
636 61 0.000305008 0.134332
477 62 0.000279079 0.0987927
481 62 0.000279079 0.105119
528 62 0.000279079 0.147648
576 62 0.000279079 0.126242
604 62 0.000279079 0.0912688
640 62 0.000279079 0.148691
481 63 0.000138188 0.0870517
496 63 0.000138188 0.14089
506 63 0.000138188 0.0832406
510 63 0.000138188 0.136125
534 63 0.000138188 0.0192354
540 63 0.000138188 0.0494975
548 63 0.000138188 0.0460109
588 63 0.000138188 0.145774
615 63 0.000138188 0.101213
449 64 0.000240516 0.13
471 64 0.000240516 0.107856
496 64 0.000240516 0.124555
506 64 0.000240516 0.100703
540 64 0.000240516 0.0303645
548 64 0.000240516 0.0660681
556 64 0.000240516 0.138362
570 64 0.000240516 0.101242
600 64 0.000240516 0.132401
474 65 0.000583974 0.106513
538 65 0.000583974 0.0121655
574 65 0.000583974 0.12516
606 65 0.000583974 0.123065
481 66 0.000292846 0.108167
484 66 0.000292846 0.091
548 66 0.000292846 0.0174642
603 66 0.000292846 0.143757
619 66 0.000292846 0.0911373
636 66 0.000292846 0.121631
449 67 0.000379570 0.149466
499 67 0.000379570 0.0983107
600 67 0.000379570 0.0810555
650 67 0.000379570 0.132197
509 68 0.000273104 0.111772
516 68 0.000273104 0.0560357
526 68 0.000273104 0.13544
534 68 0.000273104 0.0424264
604 68 0.000273104 0.069857
643 68 0.000273104 0.124423
663 68 0.000273104 0.139302
496 69 0.000250797 0.0793095
509 69 0.000250797 0.087
604 69 0.000250797 0.139979
449 70 0.000180001 0.145825
472 70 0.000180001 0.14182
528 70 0.000180001 0.138322
534 70 0.000180001 0.0473814
548 70 0.000180001 0.0906091
570 70 0.000180001 0.120934
589 70 0.000180001 0.0885494
504 71 0.000380312 0.0886002
526 71 0.000380312 0.0420119
568 71 0.000380312 0.122589
643 71 0.000380312 0.141209
481 72 0.000329218 0.126491
576 72 0.000329218 0.109659
604 72 0.000329218 0.0862786
624 72 0.000329218 0.136821
452 73 0.000237211 0.143684
453 73 0.000237211 0.143753
484 73 0.000237211 0.0988585
528 73 0.000237211 0.0393192
548 73 0.000237211 0.0429535
619 73 0.000237211 0.0815966
534 74 0.000197513 0.0886397
540 74 0.000197513 0.0485489
564 74 0.000197513 0.10018
589 74 0.000197513 0.13132
643 74 0.000197513 0.128281
449 75 0.000208940 0.148354
481 75 0.000208940 0.106042
499 75 0.000208940 0.0841546
509 75 0.000208940 0.0990353
516 75 0.000208940 0.0661287
528 75 0.000208940 0.0988989
540 75 0.000208940 0.0554707
600 75 0.000208940 0.10655
663 75 0.000208940 0.137928
474 76 0.000129584 0.125252
496 76 0.000129584 0.0933006
509 76 0.000129584 0.109041
526 76 0.000129584 0.0658559
538 76 0.000129584 0.033
606 76 0.000129584 0.109417
637 76 0.000129584 0.119017
526 77 0.000358776 0.101597
528 77 0.000358776 0.119231
538 77 0.000358776 0.137033
597 77 0.000358776 0.132189
619 77 0.000358776 0.104805
656 77 0.000358776 0.147299
676 77 0.000358776 0.148637
484 78 0.000240760 0.109202
497 78 0.000240760 0.138683
499 78 0.000240760 0.128316
548 78 0.000240760 0.0333017
564 78 0.000240760 0.0580086
575 78 0.000240760 0.0986154
589 78 0.000240760 0.0452548
623 78 0.000240760 0.114865
484 79 0.000218903 0.116362
540 79 0.000218903 0.104043
600 79 0.000218903 0.0629682
603 79 0.000218903 0.146441
604 79 0.000218903 0.0771557
628 79 0.000218903 0.106212
636 79 0.000218903 0.0964624
516 80 0.000328250 0.075326
564 80 0.000328250 0.0211896
588 80 0.000328250 0.10749
589 80 0.000328250 0.0247386
600 80 0.000328250 0.0740945
613 80 0.000328250 0.149486
635 80 0.000328250 0.135418
467 81 0.000211455 0.139488
474 81 0.000211455 0.148003
534 81 0.000211455 0.12083
537 81 0.000211455 0.136356
568 81 0.000211455 0.113071
575 81 0.000211455 0.0890225
587 81 0.000211455 0.0442832
606 81 0.000211455 0.136356
668 81 0.000211455 0.142664
499 82 0.000311147 0.096566
504 82 0.000311147 0.138683
516 82 0.000311147 0.108904
540 82 0.000311147 0.0404475
587 82 0.000311147 0.0306105
589 82 0.000311147 0.0938616
597 82 0.000311147 0.0962081
604 82 0.000311147 0.0651153
484 83 0.000169061 0.145417
526 83 0.000169061 0.131928
534 83 0.000169061 0.0540833
548 83 0.000169061 0.0509313
555 83 0.000169061 0.0967729
570 83 0.000169061 0.0680661
589 83 0.000169061 0.0348281
600 83 0.000169061 0.0917878
615 83 0.000169061 0.0799812
668 83 0.000169061 0.142667
528 84 0.000112303 0.0580086
540 84 0.000112303 0.146455
564 84 0.000112303 0.0817435
565 84 0.000112303 0.080399
570 84 0.000112303 0.0148661
589 84 0.000112303 0.0585235
591 84 0.000112303 0.142042
628 84 0.000112303 0.076844
633 84 0.000112303 0.143122
663 84 0.000112303 0.125801
498 85 0.000380094 0.137888
575 85 0.000380094 0.110018
576 85 0.000380094 0.0370135
604 85 0.000380094 0.138885
635 85 0.000380094 0.100265
481 86 0.000142372 0.129402
496 86 0.000142372 0.136693
499 86 0.000142372 0.0971288
528 86 0.000142372 0.137321
564 86 0.000142372 0.045607
570 86 0.000142372 0.111162
587 86 0.000142372 0.0474342
604 86 0.000142372 0.0482597
613 86 0.000142372 0.0901388
619 86 0.000142372 0.108227
471 87 0.000325427 0.141411
477 87 0.000325427 0.130752
499 87 0.000325427 0.109567
555 87 0.000325427 0.0278927
619 87 0.000325427 0.147078
636 87 0.000325427 0.123693
540 88 0.000186088 0.0671789
548 88 0.000186088 0.148762
555 88 0.000186088 0.0313847
568 88 0.000186088 0.135447
604 88 0.000186088 0.0973088
615 88 0.000186088 0.0671789
636 88 0.000186088 0.137844
656 88 0.000186088 0.105233
509 89 0.000217250 0.109554
516 89 0.000217250 0.0915478
548 89 0.000217250 0.0714003
570 89 0.000217250 0.0886848
575 89 0.000217250 0.0202485
619 89 0.000217250 0.0864002
481 90 0.000169696 0.140456
499 90 0.000169696 0.132004
555 90 0.000169696 0.140186
565 90 0.000169696 0.121198
589 90 0.000169696 0.0186011
603 90 0.000169696 0.140036
615 90 0.000169696 0.109772
635 90 0.000169696 0.14589
636 90 0.000169696 0.0782943
676 90 0.000169696 0.135192
691 90 0.000169696 0.144499
532 91 0.000184453 0.147136
556 91 0.000184453 0.0566127
570 91 0.000184453 0.0148661
575 91 0.000184453 0.102489
588 91 0.000184453 0.0637887
628 91 0.000184453 0.0771038
643 91 0.000184453 0.127562
655 91 0.000184453 0.141598
661 91 0.000184453 0.121939
467 92 0.000155334 0.149272
496 92 0.000155334 0.11609
526 92 0.000155334 0.0868389
540 92 0.000155334 0.122102
574 92 0.000155334 0.113534
596 92 0.000155334 0.141421
630 92 0.000155334 0.137354
656 92 0.000155334 0.113252
659 92 0.000155334 0.105948
686 92 0.000155334 0.148003
613 93 0.000916418 0.14384
619 93 0.000916418 0.0521536
604 94 0.000840477 0.112805
615 94 0.000840477 0.0760592
499 95 0.000293945 0.118596
504 95 0.000293945 0.142341
516 95 0.000293945 0.131552
548 95 0.000293945 0.125718
570 95 0.000293945 0.146513
604 95 0.000293945 0.0659242
676 95 0.000293945 0.138062
588 96 0.000440176 0.125004
613 96 0.000440176 0.123491
635 96 0.000440176 0.106254
650 96 0.000440176 0.107629
668 96 0.000440176 0.125718
481 97 0.000208186 0.145134
528 97 0.000208186 0.140064
538 97 0.000208186 0.141322
564 97 0.000208186 0.047634
569 97 0.000208186 0.10139
575 97 0.000208186 0.0202237
619 97 0.000208186 0.0935201
635 97 0.000208186 0.0781025
640 97 0.000208186 0.132231
643 97 0.000208186 0.0740608
547 98 0.000464966 0.0856329
569 98 0.000464966 0.0291548
599 98 0.000464966 0.0696348
674 98 0.000464966 0.113
496 99 0.000286303 0.145114
516 99 0.000286303 0.123458
569 99 0.000286303 0.08228
604 99 0.000286303 0.0451885
635 99 0.000286303 0.0639531
636 99 0.000286303 0.0878635
686 99 0.000286303 0.136565
699 99 0.000286303 0.142021
509 100 0.000132182 0.10949
564 100 0.000132182 0.105622
569 100 0.000132182 0.0460977
587 100 0.000132182 0.0130384
604 100 0.000132182 0.0849294
613 100 0.000132182 0.0338378
635 100 0.000132182 0.0574891
659 100 0.000132182 0.133959
686 100 0.000132182 0.12468
509 101 0.000065111 0.131727
548 101 0.000065111 0.0840238
575 101 0.000065111 0.0384187
588 101 0.000065111 0.141354
589 101 0.000065111 0.0429535
635 101 0.000065111 0.0868389
656 101 0.000065111 0.126507
663 101 0.000065111 0.0975295
676 101 0.000065111 0.106301
691 101 0.000065111 0.141905
506 102 0.000146759 0.117154
534 102 0.000146759 0.106527
536 102 0.000146759 0.127142
540 102 0.000146759 0.1298
548 102 0.000146759 0.0672681
556 102 0.000146759 0.0793095
628 102 0.000146759 0.071218
528 103 0.000461576 0.0874643
532 103 0.000461576 0.149513
619 103 0.000461576 0.0370135
636 103 0.000461576 0.0810555
509 104 0.000297520 0.140089
555 104 0.000297520 0.0866833
575 104 0.000297520 0.125877
576 104 0.000297520 0.0390512
624 104 0.000297520 0.0430116
635 104 0.000297520 0.0895879
499 105 0.000247221 0.142706
534 105 0.000247221 0.0953834
540 105 0.000247221 0.113569
635 105 0.000247221 0.125004
636 105 0.000247221 0.0538516
661 105 0.000247221 0.127562
681 105 0.000247221 0.128129
496 106 0.000290043 0.134082
515 106 0.000290043 0.146103
555 106 0.000290043 0.0614654
589 106 0.000290043 0.144499
635 106 0.000290043 0.0563028
637 106 0.000290043 0.128156
643 106 0.000290043 0.103812
698 106 0.000290043 0.149967
496 107 0.000228941 0.147851
538 107 0.000228941 0.117456
576 107 0.000228941 0.115434
587 107 0.000228941 0.0224722
663 107 0.000228941 0.1336
686 107 0.000228941 0.117644
706 107 0.000228941 0.140057
516 108 0.000309510 0.126716
534 108 0.000309510 0.0919837
570 108 0.000309510 0.113088
589 108 0.000309510 0.0662193
613 108 0.000309510 0.082201
656 108 0.000309510 0.10469
705 108 0.000309510 0.147258
540 109 0.000220669 0.10435
556 109 0.000220669 0.117137
564 109 0.000220669 0.0486621
569 109 0.000220669 0.149616
589 109 0.000220669 0.0247588
615 109 0.000220669 0.0696348
628 109 0.000220669 0.103465
663 109 0.000220669 0.0810432
668 109 0.000220669 0.114978
691 109 0.000220669 0.124423
699 109 0.000220669 0.135192
526 110 0.000347524 0.101607
538 110 0.000347524 0.0879318
555 110 0.000347524 0.0765506
576 110 0.000347524 0.0634114
587 110 0.000347524 0.0532259
686 110 0.000347524 0.110635
548 111 0.000177113 0.121918
604 111 0.000177113 0.0390512
615 111 0.000177113 0.00984886
619 111 0.000177113 0.105076
663 111 0.000177113 0.112161
674 111 0.000177113 0.137644
699 111 0.000177113 0.120934
705 111 0.000177113 0.149482
509 112 0.000369738 0.129653
534 112 0.000369738 0.123227
589 112 0.000369738 0.123357
599 112 0.000369738 0.11934
528 113 0.000262987 0.113318
548 113 0.000262987 0.083006
555 113 0.000262987 0.148125
604 113 0.000262987 0.0522398
676 113 0.000262987 0.0988433
588 114 0.000293545 0.0490918
600 114 0.000293545 0.0110454
604 114 0.000293545 0.101124
615 114 0.000293545 0.144125
623 114 0.000293545 0.0633246
681 114 0.000293545 0.0953362
724 114 0.000293545 0.147574
528 115 0.000222745 0.137768
540 115 0.000222745 0.104317
556 115 0.000222745 0.136528
613 115 0.000222745 0.111041
615 115 0.000222745 0.0521536
635 115 0.000222745 0.0848646
661 115 0.000222745 0.14758
668 115 0.000222745 0.0964002
510 116 0.000184188 0.145097
536 116 0.000184188 0.133207
548 116 0.000184188 0.0880568
635 116 0.000184188 0.149255
655 116 0.000184188 0.121655
663 116 0.000184188 0.0730068
668 116 0.000184188 0.146813
691 116 0.000184188 0.105171
555 117 0.000201636 0.0954254
575 117 0.000201636 0.124888
624 117 0.000201636 0.0362491
660 117 0.000201636 0.131126
698 117 0.000201636 0.118903
710 117 0.000201636 0.131381
509 118 0.000085095 0.147628
540 118 0.000085095 0.100245
548 118 0.000085095 0.109041
575 118 0.000085095 0.0545711
604 118 0.000085095 0.0148661
681 118 0.000085095 0.1486
691 118 0.000085095 0.128845
515 119 0.000324048 0.137641
569 119 0.000324048 0.0715612
656 119 0.000324048 0.0820731
660 119 0.000324048 0.112361
684 119 0.000324048 0.107615
710 119 0.000324048 0.131469
509 120 0.000127742 0.141439
526 120 0.000127742 0.114158
555 120 0.000127742 0.08005
569 120 0.000127742 0.0639062
587 120 0.000127742 0.0441022
597 120 0.000127742 0.0474131
640 120 0.000127742 0.0503289
659 120 0.000127742 0.105394
674 120 0.000127742 0.0924392
684 120 0.000127742 0.15
509 121 0.000357366 0.14151
538 121 0.000357366 0.137295
555 121 0.000357366 0.0847703
619 121 0.000357366 0.118017
643 121 0.000357366 0.0516236
540 122 0.000311801 0.124808
588 122 0.000311801 0.114162
604 122 0.000311801 0.0371618
615 122 0.000311801 0.0771038
619 122 0.000311801 0.0310644
661 122 0.000311801 0.121709
526 123 0.000269995 0.121594
540 123 0.000269995 0.12567
555 123 0.000269995 0.0923093
564 123 0.000269995 0.149003
568 123 0.000269995 0.129653
656 123 0.000269995 0.0518652
706 123 0.000269995 0.125399
576 124 0.001053454 0.116812
624 124 0.001053454 0.0990454
613 125 0.000276531 0.0758024
619 125 0.000276531 0.0920869
668 125 0.000276531 0.0667308
691 125 0.000276531 0.133004
729 125 0.000276531 0.140616
528 126 0.000304825 0.125284
548 126 0.000304825 0.0993227
556 126 0.000304825 0.107201
589 126 0.000304825 0.0456946
628 126 0.000304825 0.0619839
655 126 0.000304825 0.129973
695 126 0.000304825 0.139445
724 126 0.000304825 0.133754
556 127 0.000276851 0.0921141
623 127 0.000276851 0.0700071
650 127 0.000276851 0.0361248
661 127 0.000276851 0.0714493
663 127 0.000276851 0.069527
705 127 0.000276851 0.12659
516 128 0.000162962 0.147489
613 128 0.000162962 0.121198
619 128 0.000162962 0.0480521
636 128 0.000162962 0.0138924
650 128 0.000162962 0.0770779
691 128 0.000162962 0.0996444
568 129 0.000144725 0.123065
569 129 0.000144725 0.0777817
576 129 0.000144725 0.0811234
635 129 0.000144725 0.0596825
637 129 0.000144725 0.0907965
640 129 0.000144725 0.0167631
643 129 0.000144725 0.114337
660 129 0.000144725 0.1303
725 129 0.000144725 0.14686
732 129 0.000144725 0.145331
564 130 0.000442839 0.0839524
619 130 0.000442839 0.0672681
640 130 0.000442839 0.133843
656 130 0.000442839 0.103247
661 130 0.000442839 0.148368
538 131 0.000321460 0.117017
555 131 0.000321460 0.11962
575 131 0.000321460 0.144755
660 131 0.000321460 0.11179
706 131 0.000321460 0.13291
710 131 0.000321460 0.111005
538 132 0.000258739 0.131928
576 132 0.000258739 0.110535
604 132 0.000258739 0.0926984
668 132 0.000258739 0.064405
710 132 0.000258739 0.115169
732 132 0.000258739 0.137033
534 133 0.000122377 0.132816
589 133 0.000122377 0.101872
636 133 0.000122377 0.0693542
640 133 0.000122377 0.090934
650 133 0.000122377 0.135329
686 133 0.000122377 0.0904434
691 133 0.000122377 0.13927
600 134 0.000202071 0.0454863
615 134 0.000202071 0.119854
633 134 0.000202071 0.143087
650 134 0.000202071 0.0286531
655 134 0.000202071 0.113323
691 134 0.000202071 0.0801561
713 134 0.000202071 0.123891
540 135 0.000137624 0.147003
548 135 0.000137624 0.111162
564 135 0.000137624 0.0901388
661 135 0.000137624 0.102157
663 135 0.000137624 0.041
676 135 0.000137624 0.0718679
681 135 0.000137624 0.0912853
699 135 0.000137624 0.113851
741 135 0.000137624 0.145055
599 136 0.000451573 0.101553
624 136 0.000451573 0.0662873
640 136 0.000451573 0.0300832
684 136 0.000451573 0.128631
599 137 0.000291026 0.142302
604 137 0.000291026 0.0732462
613 137 0.000291026 0.0494065
624 137 0.000291026 0.109037
636 137 0.000291026 0.087
668 137 0.000291026 0.0468402
534 138 0.000122797 0.133959
540 138 0.000122797 0.12532
628 138 0.000122797 0.140175
663 138 0.000122797 0.0738241
615 139 0.000443634 0.0797057
650 139 0.000443634 0.0606383
691 139 0.000443634 0.0797559
713 139 0.000443634 0.142144
540 140 0.000237318 0.132185
575 140 0.000237318 0.0907965
587 140 0.000237318 0.0818413
615 140 0.000237318 0.037855
619 140 0.000237318 0.104695
640 140 0.000237318 0.0990454
656 140 0.000237318 0.065146
691 140 0.000237318 0.122967
699 140 0.000237318 0.0748131
710 140 0.000237318 0.130108
548 141 0.000201339 0.13448
564 141 0.000201339 0.100603
589 141 0.000201339 0.0782943
619 141 0.000201339 0.0666483
635 141 0.000201339 0.0766551
636 141 0.000201339 0.0210238
643 141 0.000201339 0.0233452
650 141 0.000201339 0.0834865
691 141 0.000201339 0.0905097
623 142 0.000552839 0.104293
643 142 0.000552839 0.0781025
699 142 0.000552839 0.112699
729 142 0.000552839 0.126657
565 143 0.000330563 0.133004
570 143 0.000330563 0.0940479
600 143 0.000330563 0.0555428
643 143 0.000330563 0.104077
663 143 0.000330563 0.0477074
727 143 0.000330563 0.147323
547 144 0.000184099 0.14589
568 144 0.000184099 0.141485
606 144 0.000184099 0.126649
624 144 0.000184099 0.0541202
637 144 0.000184099 0.0973293
686 144 0.000184099 0.0626498
698 144 0.000184099 0.089627
732 144 0.000184099 0.124193
738 144 0.000184099 0.148189
540 145 0.000225732 0.139718
575 145 0.000225732 0.108046
635 145 0.000225732 0.0152643
643 145 0.000225732 0.0610082
663 145 0.000225732 0.127098
674 145 0.000225732 0.0771751
676 145 0.000225732 0.0970464
686 145 0.000225732 0.0578705
706 145 0.000225732 0.0841724
606 146 0.000268083 0.109567
635 146 0.000268083 0.0733485
706 146 0.000268083 0.113172
731 146 0.000268083 0.117835
756 146 0.000268083 0.148637
587 147 0.000124983 0.0835225
599 147 0.000124983 0.117992
615 147 0.000124983 0.068884
640 147 0.000124983 0.0392938
659 147 0.000124983 0.0892693
663 147 0.000124983 0.144257
668 147 0.000124983 0.0552268
686 147 0.000124983 0.051
710 147 0.000124983 0.0904765
729 147 0.000124983 0.141534
738 147 0.000124983 0.130782
555 148 0.000172607 0.126495
615 148 0.000172607 0.0480521
635 148 0.000172607 0.0262488
656 148 0.000172607 0.0451221
668 148 0.000172607 0.0263059
691 148 0.000172607 0.134332
705 148 0.000172607 0.11411
729 148 0.000172607 0.114061
570 149 0.000000000 0.140929
589 149 0.000000000 0.0959635
650 149 0.000000000 0.0990202
681 149 0.000000000 0.125865
741 149 0.000000000 0.133724
570 150 0.000145750 0.112947
589 150 0.000145750 0.0810247
619 150 0.000145750 0.0474236
628 150 0.000145750 0.0819329
643 150 0.000145750 0.062514
656 150 0.000145750 0.142225
668 150 0.000145750 0.0970155
686 150 0.000145750 0.148314
691 150 0.000145750 0.0576975
713 150 0.000145750 0.119553
738 150 0.000145750 0.145417
741 150 0.000145750 0.118152
548 151 0.000394507 0.142864
613 151 0.000394507 0.132231
656 151 0.000394507 0.117209
668 151 0.000394507 0.0727324
713 151 0.000394507 0.138221
635 152 0.000653872 0.147801
676 152 0.000653872 0.074686
681 152 0.000653872 0.0510882
555 153 0.000206924 0.141152
587 153 0.000206924 0.101079
604 153 0.000206924 0.0716938
636 153 0.000206924 0.0594811
643 153 0.000206924 0.0178045
668 153 0.000206924 0.0276586
706 153 0.000206924 0.0769415
555 154 0.000485172 0.133184
575 154 0.000485172 0.119101
597 154 0.000485172 0.102069
663 154 0.000485172 0.118207
674 154 0.000485172 0.076844
555 155 0.000181182 0.139216
604 155 0.000181182 0.131548
613 155 0.000181182 0.0598415
635 155 0.000181182 0.0522015
636 155 0.000181182 0.140246
659 155 0.000181182 0.0720069
684 155 0.000181182 0.10911
686 155 0.000181182 0.0403113
706 155 0.000181182 0.0808022
606 156 0.000391939 0.127094
656 156 0.000391939 0.0350571
659 156 0.000391939 0.052
668 156 0.000391939 0.0841724
676 156 0.000391939 0.143028
725 156 0.000391939 0.111041
569 157 0.000103353 0.125284
643 157 0.000103353 0.138452
660 157 0.000103353 0.098
668 157 0.000103353 0.105683
690 157 0.000103353 0.122703
698 157 0.000103353 0.0538516
731 157 0.000103353 0.0970206
765 157 0.000103353 0.140161
570 158 0.000138215 0.143951
575 158 0.000138215 0.117903
643 158 0.000138215 0.029
650 158 0.000138215 0.0874757
668 158 0.000138215 0.0531507
674 158 0.000138215 0.148098
681 158 0.000138215 0.109385
732 158 0.000138215 0.13366
757 158 0.000138215 0.126036
635 159 0.000443272 0.135857
655 159 0.000443272 0.123491
738 159 0.000443272 0.145691
752 159 0.000443272 0.127016
555 160 0.000178674 0.142425
587 160 0.000178674 0.102421
656 160 0.000178674 0.0113137
674 160 0.000178674 0.0570088
676 160 0.000178674 0.0996393
684 160 0.000178674 0.129634
698 160 0.000178674 0.0966488
699 160 0.000178674 0.0796304
729 160 0.000178674 0.121696
738 160 0.000178674 0.108747
604 161 0.000548646 0.0824621
643 161 0.000548646 0.0545619
663 161 0.000548646 0.0151327
555 162 0.000421087 0.147221
640 162 0.000421087 0.0964624
656 162 0.000421087 0.0547449
771 162 0.000421087 0.140228
774 162 0.000421087 0.146986
691 163 0.001437137 0.0393573
589 164 0.000244327 0.146373
640 164 0.000244327 0.0818413
656 164 0.000244327 0.0386264
686 164 0.000244327 0.0424382
698 164 0.000244327 0.119871
710 164 0.000244327 0.0878635
731 164 0.000244327 0.128818
732 164 0.000244327 0.0917061
741 164 0.000244327 0.147513
587 165 0.000262853 0.120748
613 165 0.000262853 0.111288
619 165 0.000262853 0.106042
628 165 0.000262853 0.149
640 165 0.000262853 0.122066
643 165 0.000262853 0.0310161
674 165 0.000262853 0.126254
705 165 0.000262853 0.0714213
