1156 1150 
408 0 0.000187796 0.091444
417 0 0.000148704 0.0976166
441 0 0.000666843 0.0450111
472 0 0.000928672 0.0192354
506 0 0.000518819 0.05728
516 0 0.000606046 0.05004
398 1 0.000042206 0.125801
417 1 0.000198652 0.0898944
436 1 0.000555326 0.054231
444 1 0.000500874 0.0587963
449 1 0.000400116 0.0676757
477 1 0.000949329 0.0161245
481 1 0.000286505 0.0790569
496 1 0.000545965 0.0550091
499 1 0.000536977 0.0557584
509 1 0.000712198 0.0411947
534 1 0.000140352 0.0990858
408 2 0.000133614 0.100319
412 2 0.000204743 0.0890505
441 2 0.000582282 0.052
452 2 0.000666977 0.045
472 2 0.000992826 0.006
481 2 0.000713195 0.0411096
499 2 0.000287711 0.078924
506 2 0.000685916 0.0434166
444 3 0.000642364 0.0470425
467 3 0.000722527 0.0403113
471 3 0.000456850 0.0625859
477 3 0.000911011 0.021587
496 3 0.000881968 0.0250599
509 3 0.000535261 0.0559017
417 4 0.000230847 0.0856154
471 4 0.000958486 0.0145602
477 4 0.000767820 0.0363456
481 4 0.000498476 0.059
499 4 0.000747067 0.0381838
509 4 0.000711770 0.0412311
516 4 0.000194874 0.0904268
534 4 0.000241279 0.0843149
555 4 0.000123811 0.102201
436 5 0.000437885 0.0642573
467 5 0.000496883 0.0591354
477 5 0.000986492 0.00824621
499 5 0.000382816 0.0692892
509 5 0.000710490 0.0413401
526 5 0.000476542 0.0608769
417 6 0.000164870 0.0949368
471 6 0.000511811 0.0578705
472 6 0.000690734 0.0430116
499 6 0.000733007 0.0394081
506 6 0.000382510 0.0693181
516 6 0.000670320 0.0447214
528 6 0.000104559 0.106254
444 7 0.000545747 0.0550273
467 7 0.000864158 0.0270185
474 7 0.000450409 0.0631506
496 7 0.000931835 0.0187883
499 7 0.000104350 0.106301
509 7 0.000382128 0.0693542
538 7 0.000317969 0.0756902
481 8 0.000932580 0.0186815
499 8 0.000872843 0.0260768
509 8 0.000419958 0.0658635
540 8 0.000257638 0.0823468
441 9 0.000360739 0.0714003
452 9 0.000664846 0.0451774
453 9 0.000452485 0.0629682
472 9 0.000860020 0.0274591
473 9 0.000265803 0.0813941
484 9 0.000825142 0.031
506 9 0.000844509 0.0290689
516 9 0.000508648 0.0581378
528 9 0.000448431 0.0633246
534 9 0.000138845 0.0993579
472 10 0.000660472 0.0455412
484 10 0.000976090 0.011
506 10 0.000767206 0.0364005
548 10 0.000198652 0.0898944
436 11 0.000111939 0.104637
467 11 0.000889585 0.0241868
474 11 0.000671796 0.0445982
477 11 0.000459324 0.0623699
496 11 0.000822012 0.031305
547 11 0.000200088 0.0896939
436 12 0.000309871 0.0765376
449 12 0.000571552 0.0528867
471 12 0.000835270 0.03
481 12 0.000745426 0.0383275
499 12 0.000939131 0.01772
509 12 0.000640440 0.0472017
516 12 0.000414368 0.0663702
426 13 0.000048123 0.123167
472 13 0.000891010 0.0240208
481 13 0.000671796 0.0445982
506 13 0.000852144 0.0282843
516 13 0.000767206 0.0364005
534 13 0.000304769 0.0770779
441 14 0.000407139 0.0670298
481 14 0.000854704 0.0280179
506 14 0.000686328 0.043382
509 14 0.000132974 0.100439
516 14 0.000853338 0.0281603
528 14 0.000272695 0.080604
548 14 0.000346456 0.0728011
575 14 0.000056450 0.119883
477 15 0.000835270 0.03
496 15 0.000593333 0.0510882
499 15 0.000658494 0.0457056
509 15 0.000929601 0.019105
444 16 0.000395897 0.0680661
449 16 0.000085298 0.110941
496 16 0.000966572 0.0130384
499 16 0.000250324 0.0832166
509 16 0.000685368 0.0434626
515 16 0.000171701 0.0938616
526 16 0.000713195 0.0411096
555 16 0.000264054 0.0815966
472 17 0.000116205 0.10374
477 17 0.000657310 0.0458039
509 17 0.000896730 0.0233452
526 17 0.000405271 0.0672012
534 17 0.000413127 0.0664831
538 17 0.000078238 0.112872
540 17 0.000506617 0.0583095
436 18 0.000254565 0.0827103
444 18 0.000337632 0.0736817
471 18 0.000552225 0.0544885
477 18 0.000854875 0.028
516 18 0.000065011 0.116902
401 19 0.000018873 0.14089
436 19 0.000131047 0.100802
444 19 0.000346664 0.0727805
467 19 0.000675569 0.0442832
471 19 0.000215025 0.0876641
496 19 0.000992032 0.00632456
504 19 0.000801717 0.0332415
509 19 0.000479314 0.0606383
515 19 0.000327326 0.0747262
526 19 0.000680042 0.043909
449 20 0.000371280 0.0703847
481 20 0.000888341 0.0243311
499 20 0.000770281 0.0361248
516 20 0.000877042 0.0256125
548 20 0.000341981 0.0732462
426 21 0.000116066 0.103769
452 21 0.000426732 0.0652534
453 21 0.000419287 0.0659242
472 21 0.000546074 0.055
473 21 0.000400917 0.0676018
484 21 0.000918696 0.0205913
506 21 0.000878095 0.0254951
528 21 0.000713909 0.0410488
536 21 0.000248081 0.0834865
548 21 0.000325758 0.0748866
417 22 0.000087283 0.110422
441 22 0.000243071 0.0840952
449 22 0.000413127 0.0664831
472 22 0.000423840 0.0655134
477 22 0.000232236 0.08544
481 22 0.000843665 0.0291548
499 22 0.000943084 0.0171172
534 22 0.000665777 0.0450999
540 22 0.000415281 0.0662873
548 22 0.000242440 0.0841724
441 23 0.000203763 0.0891852
449 23 0.000083576 0.1114
453 23 0.000306972 0.076844
472 23 0.000690734 0.0430116
473 23 0.000231819 0.0854927
481 23 0.000365533 0.0709366
484 23 0.000780204 0.0352278
497 23 0.000101206 0.107019
506 23 0.000980787 0.00984886
564 23 0.000113563 0.104293
472 24 0.000243071 0.0840952
481 24 0.000676515 0.0442041
499 24 0.000998202 0.003
540 24 0.000538160 0.0556597
555 24 0.000208045 0.0886002
575 24 0.000164343 0.0950211
589 24 0.000026890 0.134462
432 25 0.000203112 0.0892749
444 25 0.000246893 0.0836301
467 25 0.000678412 0.0440454
496 25 0.000858130 0.0276586
504 25 0.000971222 0.012083
555 25 0.000152926 0.0968969
472 26 0.000709354 0.0414367
484 26 0.000551011 0.0545894
506 26 0.000954278 0.0152971
516 26 0.000839793 0.0295466
528 26 0.000584032 0.0518556
472 27 0.000629770 0.0480833
516 27 0.000980591 0.00989949
534 27 0.000593333 0.0510882
548 27 0.000587781 0.0515461
589 27 0.000104936 0.10617
441 28 0.000029071 0.133004
477 28 0.000620518 0.0488467
496 28 0.000545747 0.0550273
499 28 0.000656390 0.0458803
509 28 0.000999000 0.00223607
534 28 0.000368174 0.0706824
452 29 0.000128889 0.101213
472 29 0.000474734 0.0610328
481 29 0.000709354 0.0414367
509 29 0.000268743 0.0810555
516 29 0.000959829 0.0143178
534 29 0.000792154 0.0341321
540 29 0.000376439 0.0698928
477 30 0.000598098 0.0506952
496 30 0.000887630 0.0244131
504 30 0.000572925 0.0527731
509 30 0.000735356 0.0392046
526 30 0.000922378 0.0200998
538 30 0.000542265 0.0553173
569 30 0.000321615 0.0753127
481 31 0.000113631 0.104278
496 31 0.000736387 0.0391152
504 31 0.000357650 0.0717008
516 31 0.000070991 0.115004
526 31 0.000878095 0.0254951
538 31 0.000371874 0.0703278
540 31 0.000525398 0.0567274
555 31 0.000540749 0.0554437
453 32 0.000254565 0.0827103
506 32 0.000853338 0.0281603
510 32 0.000778801 0.0353553
528 32 0.000907012 0.0220907
556 32 0.000466545 0.0617414
467 33 0.000449329 0.0632456
471 33 0.000151132 0.0972008
477 33 0.000463476 0.0620081
498 33 0.000094931 0.108503
504 33 0.000785056 0.0347851
509 33 0.000506617 0.0583095
526 33 0.000858130 0.0276586
547 33 0.000275712 0.0802621
569 33 0.000352819 0.0721734
441 34 0.000048713 0.122919
444 34 0.000090682 0.109554
477 34 0.000463476 0.0620081
496 34 0.000331211 0.0743303
499 34 0.000832935 0.0302324
509 34 0.000930531 0.0189737
534 34 0.000582632 0.0519711
540 34 0.000767820 0.0363456
555 34 0.000460520 0.0622656
564 34 0.000174820 0.0933809
471 35 0.000474734 0.0610328
477 35 0.000308387 0.0766942
481 35 0.000523929 0.0568507
499 35 0.000940823 0.0174642
506 35 0.000144136 0.0984124
509 35 0.000732421 0.0394588
516 35 0.000534085 0.056
548 35 0.000201695 0.0894707
555 35 0.000324977 0.0749667
481 36 0.000614590 0.0493356
499 36 0.000871273 0.0262488
509 36 0.000478930 0.0606712
516 36 0.000781297 0.0351283
534 36 0.000897987 0.0231948
548 36 0.000376439 0.0698928
498 37 0.000213996 0.0878009
504 37 0.000933140 0.0186011
509 37 0.000272532 0.0806226
515 37 0.000592503 0.0511566
537 37 0.000145148 0.0982344
568 37 0.000110273 0.104995
587 37 0.000065743 0.116662
597 37 0.000104664 0.106231
472 38 0.000441313 0.0639531
484 38 0.000620146 0.0488774
497 38 0.000106778 0.105759
506 38 0.000954469 0.0152643
528 38 0.000890831 0.0240416
548 38 0.000647524 0.0466154
588 38 0.000079182 0.112606
449 39 0.000070172 0.115256
472 39 0.000503788 0.0585491
481 39 0.000382740 0.0692965
506 39 0.000929601 0.019105
516 39 0.000840969 0.0294279
540 39 0.000107271 0.10565
548 39 0.000755028 0.0374833
556 39 0.000253802 0.082801
564 39 0.000317715 0.0757166
499 40 0.000540425 0.0554707
509 40 0.000189342 0.0912195
510 40 0.000082085 0.111803
528 40 0.000341093 0.0733348
534 40 0.000848742 0.0286356
548 40 0.000722527 0.0403113
564 40 0.000552667 0.0544518
441 41 0.000091063 0.109458
481 41 0.000421052 0.0657647
506 41 0.000742301 0.0386005
534 41 0.000671259 0.044643
540 41 0.000228870 0.0858662
548 41 0.000830606 0.0304631
564 41 0.000497380 0.0590931
449 42 0.000071176 0.114948
471 42 0.000297245 0.0778845
496 42 0.000429557 0.065
526 42 0.000771514 0.0360139
534 42 0.000433701 0.0646297
540 42 0.000829112 0.0306105
555 42 0.000738895 0.0388973
569 42 0.000317969 0.0756902
575 42 0.000328243 0.0746324
499 43 0.000785842 0.0347131
534 43 0.000850441 0.0284605
540 43 0.000899425 0.0230217
564 43 0.000389302 0.0686804
575 43 0.000471706 0.0612944
467 44 0.000218493 0.0872067
496 44 0.000698235 0.0423792
504 44 0.000492136 0.0595399
509 44 0.000657441 0.045793
526 44 0.000999200 0.002
538 44 0.000667644 0.0449444
547 44 0.000191169 0.090956
555 44 0.000674084 0.0444072
569 44 0.000536655 0.0557853
575 44 0.000131047 0.100802
484 45 0.000532379 0.0561427
497 45 0.000195225 0.090377
506 45 0.000730519 0.0396232
528 45 0.000995012 0.005
499 46 0.000671125 0.0446542
509 46 0.000818731 0.0316228
526 46 0.000545638 0.0550364
534 46 0.000662192 0.0453982
547 46 0.000013661 0.146513
555 46 0.000654817 0.0460109
496 47 0.000688665 0.0431856
509 47 0.000451310 0.0630714
526 47 0.000921456 0.0202237
569 47 0.000592503 0.0511566
576 47 0.000321872 0.0752861
471 48 0.000208420 0.0885494
496 48 0.000555659 0.0542033
509 48 0.000797878 0.0336006
526 48 0.000942141 0.0172627
534 48 0.000250875 0.0831505
540 48 0.000660472 0.0455412
555 48 0.000796443 0.0337343
569 48 0.000478069 0.0607454
499 49 0.000623504 0.0486004
516 49 0.000816605 0.0318277
534 49 0.000980787 0.00984886
548 49 0.000604593 0.0501597
589 49 0.000235746 0.085
467 50 0.000243802 0.084006
474 50 0.000212630 0.087983
496 50 0.000583681 0.0518845
504 50 0.000752616 0.0376962
509 50 0.000255176 0.0826378
526 50 0.000720940 0.0404475
538 50 0.000977067 0.0107703
576 50 0.000466825 0.0617171
597 50 0.000227092 0.086093
613 50 0.000076750 0.113296
477 51 0.000115210 0.103947
516 51 0.000636736 0.0475079
556 51 0.000020417 0.139488
575 51 0.000542265 0.0553173
506 52 0.000774607 0.0357351
510 52 0.000490466 0.0596825
516 52 0.000503184 0.0586003
528 52 0.000958486 0.0145602
548 52 0.000788360 0.0344819
556 52 0.000586959 0.051614
575 52 0.000060265 0.118512
499 53 0.000152042 0.0970464
516 53 0.000683725 0.0436005
528 53 0.000810746 0.0323883
534 53 0.000407465 0.067
548 53 0.000923116 0.02
556 53 0.000411396 0.0666408
570 53 0.000586842 0.0516236
589 53 0.000312672 0.076243
506 54 0.000632168 0.0478853
534 54 0.000588605 0.0514782
548 54 0.000980787 0.00984886
564 54 0.000637756 0.0474236
499 55 0.000353172 0.0721388
516 55 0.000782079 0.0350571
534 55 0.000821848 0.0313209
540 55 0.000375236 0.0700071
548 55 0.000873891 0.0259615
564 55 0.000785056 0.0347851
477 56 0.000204743 0.0890505
481 56 0.000082085 0.111803
504 56 0.000122432 0.102474
509 56 0.000678820 0.0440114
526 56 0.000712340 0.0411825
538 56 0.000277149 0.0800999
540 56 0.000890475 0.0240832
555 56 0.000923116 0.02
564 56 0.000210599 0.0882553
499 57 0.000540749 0.0554437
509 57 0.000523929 0.0568507
516 57 0.000373439 0.0701783
534 57 0.000839793 0.0295466
540 57 0.000965992 0.0131529
548 57 0.000259759 0.0820975
555 57 0.000587781 0.0515461
467 58 0.000130003 0.101
496 58 0.000472745 0.0612046
526 58 0.000838283 0.0296985
538 58 0.000895118 0.0235372
569 58 0.000800275 0.0333766
597 58 0.000348820 0.0725672
615 58 0.000051160 0.121918
471 59 0.000077723 0.113018
509 59 0.000499674 0.0588982
526 59 0.000915395 0.0210238
569 59 0.000768896 0.0362491
640 59 0.000034479 0.129757
467 60 0.000063698 0.117337
526 60 0.000841138 0.0294109
555 60 0.000962135 0.0138924
569 60 0.000671796 0.0445982
587 60 0.000551232 0.0545711
484 61 0.000267349 0.0812158
506 61 0.000552998 0.0544243
510 61 0.000435788 0.0644438
528 61 0.000909009 0.0218403
548 61 0.000749162 0.038
570 61 0.000806864 0.0327567
588 61 0.000317461 0.075743
471 62 0.000129587 0.101079
526 62 0.000503184 0.0586003
534 62 0.000606773 0.04998
540 62 0.000980591 0.00989949
555 62 0.000824977 0.0310161
564 62 0.000369280 0.0705762
569 62 0.000326149 0.0748465
575 62 0.000683725 0.0436005
597 62 0.000083576 0.1114
516 63 0.000621512 0.0487647
534 63 0.000928672 0.0192354
564 63 0.000865022 0.0269258
575 63 0.000653770 0.0460977
481 64 0.000184520 0.0919239
499 64 0.000456120 0.0626498
509 64 0.000346110 0.0728354
516 64 0.000460796 0.0622415
534 64 0.000908101 0.0219545
540 64 0.000831603 0.0303645
548 64 0.000417697 0.0660681
564 64 0.000751413 0.0378021
570 64 0.000128735 0.101242
575 64 0.000788360 0.0344819
589 64 0.000298078 0.0777946
604 64 0.000313863 0.0761183
504 65 0.000507327 0.0582495
538 65 0.000970834 0.0121655
555 65 0.000413127 0.0664831
576 65 0.000702577 0.0420119
597 65 0.000437622 0.0642806
499 66 0.000083192 0.111503
534 66 0.000327326 0.0747262
548 66 0.000940823 0.0174642
570 66 0.000822012 0.031305
588 66 0.000206470 0.0888144
619 66 0.000189911 0.0911373
472 67 0.000114865 0.104019
506 67 0.000437885 0.0642573
516 67 0.000552998 0.0544243
528 67 0.000526871 0.0566039
534 67 0.000524558 0.0567979
548 67 0.000980787 0.00984886
556 67 0.000313988 0.0761052
564 67 0.000769049 0.0362353
570 67 0.000704125 0.0418808
589 67 0.000626254 0.0483735
449 68 0.000013401 0.14684
534 68 0.000697676 0.0424264
540 68 0.000346456 0.0728011
564 68 0.000948380 0.0162788
589 68 0.000660472 0.0455412
619 68 0.000204743 0.0890505
504 69 0.000327260 0.0747329
526 69 0.000663650 0.0452769
538 69 0.000823658 0.0311448
555 69 0.000641722 0.0470956
569 69 0.000946674 0.0165529
597 69 0.000551232 0.0545711
540 70 0.000893151 0.0237697
555 70 0.000699213 0.0422966
575 70 0.000899425 0.0230217
615 70 0.000351130 0.0723395
504 71 0.000208045 0.0886002
526 71 0.000702577 0.0420119
538 71 0.000603506 0.0502494
540 71 0.000423416 0.0655515
547 71 0.000190825 0.0910055
555 71 0.000876166 0.0257099
569 71 0.000928857 0.0192094
575 71 0.000260592 0.082
587 71 0.000645842 0.0467547
597 71 0.000474734 0.0610328
504 72 0.000062325 0.117801
538 72 0.000213013 0.0879318
540 72 0.000822670 0.031241
564 72 0.000283371 0.079404
575 72 0.000691425 0.0429535
599 72 0.000014579 0.145399
516 73 0.000225643 0.0862786
528 73 0.000734034 0.0393192
556 73 0.000800275 0.0333766
565 73 0.000222373 0.0867006
570 73 0.000949329 0.0161245
588 73 0.000454390 0.0628013
604 73 0.000089564 0.109836
504 74 0.000118647 0.103238
509 74 0.000371725 0.070342
526 74 0.000631663 0.047927
555 74 0.000982357 0.00943398
569 74 0.000767206 0.0364005
472 75 0.000048209 0.12313
534 75 0.000759268 0.037108
540 75 0.000540425 0.0554707
564 75 0.000973167 0.0116619
575 75 0.000793581 0.034
587 75 0.000230847 0.0856154
589 75 0.000586842 0.0516236
604 75 0.000505301 0.0584209
496 76 0.000175345 0.0933006
538 76 0.000804286 0.033
547 76 0.000572124 0.0528394
569 76 0.000850611 0.0284429
576 76 0.000865888 0.0268328
597 76 0.000682086 0.0437379
624 76 0.000272259 0.0806536
526 77 0.000126894 0.101597
534 77 0.000697397 0.04245
555 77 0.000415281 0.0662873
564 77 0.000835103 0.0300167
575 77 0.000956763 0.0148661
481 78 0.000036545 0.128631
548 78 0.000801076 0.0333017
565 78 0.000119433 0.103078
575 78 0.000142987 0.0986154
588 78 0.000336216 0.0738241
589 78 0.000663916 0.0452548
528 79 0.000466825 0.0617171
548 79 0.000870750 0.0263059
570 79 0.000858130 0.0276586
589 79 0.000793422 0.0340147
600 79 0.000452485 0.0629682
628 79 0.000104748 0.106212
564 80 0.000914114 0.0211896
615 80 0.000148496 0.0976524
636 80 0.000236928 0.0848528
538 81 0.000557663 0.054037
555 81 0.000720363 0.0404969
569 81 0.000989654 0.0072111
587 81 0.000675569 0.0442832
613 81 0.000547058 0.0549181
615 81 0.000210725 0.0882383
624 81 0.000202382 0.0893756
526 82 0.000284791 0.0792465
555 82 0.000758206 0.0372022
589 82 0.000171701 0.0938616
604 82 0.000428271 0.0651153
635 82 0.000236549 0.0848999
564 83 0.000983734 0.00905539
570 83 0.000395897 0.0680661
619 83 0.000301134 0.0774661
636 83 0.000256404 0.0824924
510 84 0.000181918 0.0923093
528 84 0.000510176 0.0580086
534 84 0.000077166 0.113177
556 84 0.000770281 0.0361248
600 84 0.000782079 0.0350571
603 84 0.000114109 0.104178
604 84 0.000104664 0.106231
628 84 0.000306972 0.076844
636 84 0.000095771 0.108301
496 85 0.000119337 0.103097
504 85 0.000171701 0.0938616
538 85 0.000633180 0.0478017
540 85 0.000129587 0.101079
555 85 0.000477019 0.0608358
576 85 0.000760332 0.0370135
597 85 0.000831104 0.0304138
613 85 0.000500474 0.0588303
506 86 0.000028886 0.133124
534 86 0.000492530 0.0595063
555 86 0.000519234 0.0572451
564 86 0.000659680 0.045607
569 86 0.000188435 0.091351
575 86 0.000996008 0.00447214
613 86 0.000196912 0.0901388
636 86 0.000167127 0.094578
534 87 0.000210725 0.0882383
555 87 0.000855901 0.0278927
569 87 0.000632547 0.0478539
575 87 0.000629644 0.0480937
587 87 0.000961366 0.0140357
597 87 0.000344383 0.0730068
635 87 0.000305441 0.0770065
538 88 0.000330417 0.074411
540 88 0.000405514 0.0671789
569 88 0.000834435 0.0300832
576 88 0.000277149 0.0800999
587 88 0.000910647 0.0216333
597 88 0.000545201 0.0550727
613 88 0.000624627 0.0485077
534 89 0.000498077 0.0590339
540 89 0.000463476 0.0620081
564 89 0.000864158 0.0270185
569 89 0.000071863 0.114739
575 89 0.000921272 0.0202485
587 89 0.000388757 0.0687314
589 89 0.000618165 0.0490408
604 89 0.000780204 0.0352278
615 89 0.000483164 0.0603075
619 89 0.000224698 0.0864002
548 90 0.000651681 0.0462709
555 90 0.000019636 0.140186
570 90 0.000839961 0.0295296
589 90 0.000933140 0.0186011
570 91 0.000956763 0.0148661
588 91 0.000443171 0.0637887
600 91 0.000799795 0.0334215
498 92 0.000029999 0.132412
538 92 0.000542157 0.0553263
568 92 0.000325107 0.0749533
576 92 0.000918696 0.0205913
597 92 0.000880381 0.0252389
599 92 0.000588605 0.0514782
506 93 0.000097705 0.107838
548 93 0.000564734 0.0534509
564 93 0.000814647 0.0320156
570 93 0.000598098 0.0506952
589 93 0.000985703 0.00848528
615 93 0.000208295 0.0885664
628 93 0.000117514 0.10347
504 94 0.000069225 0.115551
538 94 0.000366631 0.0708308
555 94 0.000582166 0.0520096
569 94 0.000888163 0.0243516
575 94 0.000207713 0.0886454
587 94 0.000749162 0.038
597 94 0.000817258 0.0317648
599 94 0.000204743 0.0890505
615 94 0.000314428 0.0760592
686 94 0.000031073 0.131746
496 95 0.000033790 0.130146
534 95 0.000192357 0.0907855
540 95 0.000463754 0.0619839
555 95 0.000674354 0.0443847
575 95 0.000707088 0.0416293
587 95 0.000976090 0.011
604 95 0.000419287 0.0659242
613 95 0.000559227 0.0539073
635 95 0.000444858 0.0636396
534 96 0.000339460 0.0734983
564 96 0.000845185 0.029
575 96 0.000675569 0.0442832
587 96 0.000204948 0.0890225
604 96 0.000849082 0.0286007
615 96 0.000386277 0.0689638
656 96 0.000014187 0.145866
676 96 0.000063890 0.117273
540 97 0.000420799 0.0657875
564 97 0.000635210 0.047634
575 97 0.000921456 0.0202237
587 97 0.000581235 0.0520865
589 97 0.000452033 0.0630079
604 97 0.000837947 0.0297321
613 97 0.000212333 0.0880227
615 97 0.000723540 0.0402244
635 97 0.000295230 0.0781025
636 97 0.000316890 0.0758024
640 97 0.000030288 0.132231
643 97 0.000333871 0.0740608
597 98 0.000960405 0.0142127
613 98 0.000713195 0.0411096
569 99 0.000258205 0.08228
575 99 0.000843159 0.0292062
587 99 0.000819222 0.0315753
589 99 0.000243655 0.0840238
604 99 0.000664713 0.0451885
540 100 0.000298974 0.0776981
569 100 0.000653770 0.0460977
575 100 0.000433788 0.064622
587 100 0.000966572 0.0130384
613 100 0.000795329 0.0338378
635 100 0.000516335 0.0574891
643 100 0.000157049 0.0962081
548 101 0.000243655 0.0840238
564 101 0.000689906 0.0430813
575 101 0.000744383 0.0384187
604 101 0.000971416 0.0120416
615 101 0.000610791 0.0496488
619 101 0.000372544 0.0702638
636 101 0.000529724 0.0563649
643 101 0.000413127 0.0664831
540 102 0.000034403 0.1298
548 102 0.000404542 0.0672681
564 102 0.000449239 0.0632535
588 102 0.000308757 0.0766551
589 102 0.000885148 0.0246982
619 102 0.000845016 0.0290172
636 102 0.000424688 0.065437
548 103 0.000327522 0.0747061
556 103 0.000433614 0.0646375
570 103 0.000791045 0.0342345
588 103 0.000547058 0.0549181
589 103 0.000656259 0.0458912
619 103 0.000760332 0.0370135
636 103 0.000268743 0.0810555
650 103 0.000385814 0.0690072
515 104 0.000055222 0.120341
526 104 0.000131862 0.100648
587 104 0.000331211 0.0743303
597 104 0.000990050 0.00707107
624 104 0.000690734 0.0430116
635 104 0.000200849 0.0895879
640 104 0.000521315 0.0570701
656 104 0.000181047 0.0924392
528 105 0.000123737 0.102215
540 105 0.000075804 0.113569
548 105 0.000402283 0.0674759
570 105 0.000577412 0.0524023
575 105 0.000327260 0.0747329
589 105 0.000979415 0.010198
636 105 0.000559898 0.0538516
643 105 0.000209590 0.0883912
650 105 0.000269281 0.0809938
540 106 0.000161831 0.0954254
587 106 0.000803000 0.033121
597 106 0.000760332 0.0370135
624 106 0.000310367 0.0764853
640 106 0.000448880 0.0632851
569 107 0.000358581 0.0716101
587 107 0.000903933 0.0224722
604 107 0.000483260 0.0602993
615 107 0.000890831 0.0240416
635 107 0.000665511 0.0451221
643 107 0.000352537 0.0722011
604 108 0.000912653 0.0213776
613 108 0.000258878 0.082201
615 108 0.000867795 0.0266271
636 108 0.000452485 0.0629682
668 108 0.000181663 0.0923472
548 109 0.000285932 0.0791202
604 109 0.000879677 0.025318
615 109 0.000379159 0.0696348
619 109 0.000664846 0.0451774
636 109 0.000690872 0.043
663 109 0.000268850 0.0810432
613 110 0.000910647 0.0216333
624 110 0.000529830 0.056356
564 111 0.000298078 0.0777946
613 111 0.000446373 0.0635059
615 111 0.000980787 0.00984886
635 111 0.000636736 0.0475079
663 111 0.000080782 0.112161
569 112 0.000431624 0.0648151
575 112 0.000364219 0.0710634
613 112 0.000882497 0.025
615 112 0.000772750 0.0359026
624 112 0.000168470 0.0943663
640 112 0.000375311 0.07
643 112 0.000293934 0.0782432
674 112 0.000088922 0.11
686 112 0.000112298 0.104561
534 113 0.000078599 0.11277
575 113 0.000208712 0.0885099
589 113 0.000859504 0.0275136
604 113 0.000579378 0.0522398
619 113 0.000939319 0.0176918
623 113 0.000083928 0.111306
636 113 0.000685916 0.0434166
650 113 0.000442816 0.0638201
663 113 0.000383966 0.0691809
536 114 0.000066231 0.116503
570 114 0.000561019 0.0537587
575 114 0.000029688 0.132608
589 114 0.000445749 0.063561
600 114 0.000975895 0.0110454
619 114 0.000749762 0.0379473
623 114 0.000448431 0.0633246
548 115 0.000160061 0.0957131
604 115 0.000974335 0.0114018
615 115 0.000580422 0.0521536
619 115 0.000523510 0.0568859
656 115 0.000050217 0.122299
564 116 0.000248478 0.0834386
565 116 0.000066670 0.116362
600 116 0.000861569 0.0272947
604 116 0.000311923 0.0763217
619 116 0.000956763 0.0148661
623 116 0.000217795 0.0872983
628 116 0.000577989 0.0523546
661 116 0.000179748 0.0926337
663 116 0.000344383 0.0730068
568 117 0.000110958 0.104848
569 117 0.000485780 0.0600833
576 117 0.000487824 0.0599083
597 117 0.000930159 0.0190263
613 117 0.000782548 0.0350143
624 117 0.000768896 0.0362491
674 117 0.000258050 0.0822982
564 118 0.000390784 0.068542
604 118 0.000956763 0.0148661
615 118 0.000804286 0.033
636 118 0.000669115 0.0448219
643 118 0.000707512 0.0415933
576 119 0.000551232 0.0545711
599 119 0.000680587 0.0438634
613 119 0.000545638 0.0550364
624 119 0.000939319 0.0176918
640 119 0.000723540 0.0402244
659 119 0.000441049 0.0639766
597 120 0.000637883 0.0474131
613 120 0.000992032 0.00632456
615 120 0.000570068 0.0530094
624 120 0.000324977 0.0749667
640 120 0.000602541 0.0503289
643 120 0.000208420 0.0885494
656 120 0.000533978 0.0560089
659 120 0.000108435 0.105394
668 120 0.000227957 0.0859826
575 121 0.000436137 0.0644127
587 121 0.000675569 0.0442832
613 121 0.000615574 0.0492544
635 121 0.000849082 0.0286007
636 121 0.000263949 0.0816088
668 121 0.000384658 0.0691158
686 121 0.000131862 0.100648
570 122 0.000288171 0.0788733
589 122 0.000759268 0.037108
600 122 0.000383123 0.0692604
604 122 0.000758661 0.0371618
615 122 0.000304526 0.0771038
619 122 0.000824482 0.0310644
555 123 0.000181918 0.0923093
569 123 0.000406163 0.0671193
597 123 0.000753218 0.0376431
599 123 0.000222506 0.0866833
613 123 0.000955997 0.015
624 123 0.000531421 0.0562228
640 123 0.000806380 0.0328024
698 123 0.000058321 0.119202
538 124 0.000032883 0.130668
555 124 0.000217926 0.0872812
564 124 0.000073197 0.114337
575 124 0.000285190 0.0792023
597 124 0.000336216 0.0738241
613 124 0.000805413 0.0328938
615 124 0.000837947 0.0297321
635 124 0.000943650 0.0170294
640 124 0.000402927 0.0674166
656 124 0.000561581 0.0537122
604 125 0.000791362 0.0342053
613 125 0.000316890 0.0758024
615 125 0.000931276 0.018868
636 125 0.000545747 0.0550273
640 125 0.000090265 0.109659
643 125 0.000808803 0.032573
570 126 0.000366557 0.0708378
619 126 0.000993620 0.00565685
636 126 0.000723250 0.0402492
643 126 0.000244388 0.0839345
650 126 0.000659680 0.045607
663 126 0.000548263 0.0548179
676 126 0.000200568 0.089627
681 126 0.000181047 0.0924392
548 127 0.000103892 0.106405
564 127 0.000111827 0.104661
588 127 0.000419035 0.0659469
600 127 0.000853338 0.0281603
619 127 0.000861569 0.0272947
628 127 0.000815299 0.0319531
636 127 0.000381899 0.0693758
655 127 0.000129303 0.101134
661 127 0.000360235 0.0714493
663 127 0.000380298 0.069527
705 127 0.000040559 0.12659
534 128 0.000049380 0.122642
548 128 0.000086294 0.11068
575 128 0.000275712 0.0802621
615 128 0.000451401 0.0630635
650 128 0.000304769 0.0770779
663 128 0.000543351 0.0552268
676 128 0.000400917 0.0676018
587 129 0.000291417 0.0785175
597 129 0.000725859 0.040025
624 129 0.000710917 0.0413038
640 129 0.000945350 0.0167631
656 129 0.000601096 0.050448
659 129 0.000390159 0.0686003
698 129 0.000118268 0.103315
589 130 0.000403572 0.0673573
604 130 0.000835103 0.0300167
628 130 0.000048480 0.123016
636 130 0.000859504 0.0275136
643 130 0.000862431 0.0272029
650 130 0.000171050 0.0939628
676 130 0.000432056 0.0647765
568 131 0.000087685 0.110318
597 131 0.000700333 0.0422019
613 131 0.000599655 0.0505668
624 131 0.000898885 0.0230868
637 131 0.000357650 0.0717008
640 131 0.000924595 0.019799
659 131 0.000569270 0.0530754
674 131 0.000485197 0.0601332
684 131 0.000144713 0.0983107
686 131 0.000189039 0.0912634
540 132 0.000045221 0.124423
613 132 0.000867795 0.0266271
615 132 0.000621636 0.0487545
624 132 0.000248926 0.0833847
635 132 0.000937067 0.0180278
640 132 0.000621512 0.0487647
575 133 0.000306236 0.076922
613 133 0.000463198 0.0620322
635 133 0.000867274 0.0266833
643 133 0.000797878 0.0336006
659 133 0.000014864 0.145066
663 133 0.000134123 0.100225
668 133 0.000579378 0.0522398
686 133 0.000194758 0.0904434
699 133 0.000182684 0.0921954
588 134 0.000227410 0.0860523
589 134 0.000464590 0.0619112
604 134 0.000264530 0.0815414
628 134 0.000642878 0.047
655 134 0.000076658 0.113323
663 134 0.000600736 0.0504777
676 134 0.000193980 0.0905539
600 135 0.000420631 0.0658027
619 135 0.000890475 0.0240832
628 135 0.000324588 0.0750067
636 135 0.000901225 0.0228035
643 135 0.000410081 0.0667608
681 135 0.000188888 0.0912853
705 135 0.000130133 0.100975
587 136 0.000372842 0.0702353
599 136 0.000127123 0.101553
613 136 0.000862776 0.0271662
640 136 0.000834435 0.0300832
656 136 0.000814647 0.0320156
575 137 0.000198612 0.0898999
597 137 0.000194874 0.0904268
604 137 0.000341981 0.0732462
613 137 0.000613730 0.0494065
624 137 0.000092754 0.109037
635 137 0.000987084 0.00806226
640 137 0.000352044 0.0722496
656 137 0.000661530 0.0454533
668 137 0.000644810 0.0468402
674 137 0.000151738 0.0970979
604 138 0.000691425 0.0429535
615 138 0.000754425 0.0375366
636 138 0.000690872 0.043
643 138 0.000966572 0.0130384
663 138 0.000336216 0.0738241
676 138 0.000471989 0.0612699
643 139 0.000632547 0.0478539
663 139 0.000778801 0.0353553
676 139 0.000544221 0.0551543
691 139 0.000280214 0.0797559
613 140 0.000305257 0.077026
615 140 0.000750812 0.037855
635 140 0.000767206 0.0364005
636 140 0.000478930 0.0606712
643 140 0.000934260 0.0184391
615 141 0.000470481 0.0614003
619 141 0.000411313 0.0666483
636 141 0.000915395 0.0210238
640 141 0.000019805 0.140032
643 141 0.000896730 0.0233452
668 141 0.000421389 0.0657343
676 141 0.000653770 0.0460977
691 141 0.000194291 0.0905097
600 142 0.000411725 0.0666108
619 142 0.000822506 0.031257
636 142 0.000759268 0.037108
663 142 0.000839961 0.0295296
681 142 0.000367291 0.0707672
724 142 0.000099361 0.107448
600 143 0.000539561 0.0555428
619 143 0.000749012 0.0380132
628 143 0.000743639 0.0384838
636 143 0.000456120 0.0626498
650 143 0.000983144 0.00921954
663 143 0.000634321 0.0477074
681 143 0.000528559 0.0564624
597 144 0.000473596 0.061131
599 144 0.000177284 0.0930054
613 144 0.000680995 0.0438292
624 144 0.000556660 0.0541202
635 144 0.000568360 0.0531507
656 144 0.000821026 0.0314006
659 144 0.000424433 0.0654599
587 145 0.000312735 0.0762365
613 145 0.000636736 0.0475079
656 145 0.000878095 0.0254951
663 145 0.000039526 0.127098
674 145 0.000303856 0.0771751
684 145 0.000013181 0.147122
555 146 0.000027215 0.134239
597 146 0.000462088 0.0621289
599 146 0.000278650 0.0799312
606 146 0.000090627 0.109567
613 146 0.000510278 0.058
615 146 0.000100620 0.107154
640 146 0.000977653 0.0106301
656 146 0.000633687 0.0477598
668 146 0.000144482 0.0983514
674 146 0.000737123 0.0390512
686 146 0.000365533 0.0709366
710 146 0.000203152 0.0892693
597 147 0.000301858 0.0773886
640 147 0.000734328 0.0392938
686 147 0.000594402 0.051
698 147 0.000120682 0.102825
575 148 0.000113042 0.104403
604 148 0.000290951 0.0785684
615 148 0.000630148 0.0480521
635 148 0.000871273 0.0262488
636 148 0.000275546 0.0802808
643 148 0.000766133 0.0364966
656 148 0.000665511 0.0451221
668 148 0.000870750 0.0263059
676 148 0.000357722 0.0716938
699 148 0.000372544 0.0702638
615 149 0.000507327 0.0582495
619 149 0.000228139 0.0859593
643 149 0.000980591 0.00989949
676 149 0.000728185 0.0398246
686 149 0.000146460 0.0980051
619 150 0.000637756 0.0474236
628 150 0.000261166 0.0819329
636 150 0.000845185 0.029
643 150 0.000457673 0.062514
650 150 0.000677734 0.0441022
663 150 0.000960789 0.0141421
676 150 0.000612381 0.0495177
681 150 0.000320075 0.0754718
691 150 0.000513862 0.0576975
604 151 0.000438586 0.064195
619 151 0.000452847 0.0629365
636 151 0.000903210 0.022561
643 151 0.000748264 0.0380789
650 151 0.000384658 0.0691158
663 151 0.000835604 0.0299666
668 151 0.000347149 0.0727324
676 151 0.000785056 0.0347851
589 152 0.000209590 0.0883912
619 152 0.000662722 0.0453542
628 152 0.000553552 0.0543783
636 152 0.000539561 0.0555428
650 152 0.000963676 0.0136015
663 152 0.000817095 0.0317805
676 152 0.000327719 0.074686
713 152 0.000143790 0.0984733
615 153 0.000522046 0.0570088
643 153 0.000938568 0.0178045
676 153 0.000650119 0.0464004
738 153 0.000088266 0.110168
635 154 0.000845016 0.0290172
640 154 0.000410409 0.0667308
643 154 0.000533551 0.0560446
674 154 0.000306972 0.076844
676 154 0.000240316 0.0844334
686 154 0.000651030 0.0463249
706 154 0.000403491 0.0673647
637 155 0.000086587 0.110603
656 155 0.000955806 0.0150333
668 155 0.000432229 0.0647611
674 155 0.000739634 0.038833
684 155 0.000092458 0.10911
686 155 0.000722527 0.0403113
699 155 0.000121165 0.102728
706 155 0.000270956 0.0808022
725 155 0.000043587 0.12516
624 156 0.000490662 0.0596657
640 156 0.000881791 0.0250799
656 156 0.000782079 0.0350571
659 156 0.000582282 0.052
668 156 0.000242440 0.0841724
674 156 0.000889585 0.0241868
710 156 0.000373439 0.0701783
732 156 0.000098964 0.107541
637 157 0.000354446 0.0720139
640 157 0.000797878 0.0336006
659 157 0.000834602 0.0300666
660 157 0.000146490 0.098
674 157 0.000911923 0.0214709
684 157 0.000387205 0.0688767
698 157 0.000559898 0.0538516
710 157 0.000342803 0.0731642
715 157 0.000074840 0.113851
643 158 0.000845185 0.029
668 158 0.000568360 0.0531507
676 158 0.000909009 0.0218403
699 158 0.000534726 0.0559464
705 158 0.000406570 0.067082
636 159 0.000603989 0.0502096
650 159 0.000806864 0.0327567
661 159 0.000277982 0.0800062
663 159 0.000961558 0.014
676 159 0.000537514 0.0557136
613 160 0.000404542 0.0672681
637 160 0.000026649 0.134629
640 160 0.000550350 0.0546443
668 160 0.000716914 0.0407922
674 160 0.000522046 0.0570088
686 160 0.000827125 0.0308058
699 160 0.000281338 0.0796304
729 160 0.000051715 0.121696
731 160 0.000072252 0.114621
564 161 0.000036088 0.128876
619 161 0.000400917 0.0676018
636 161 0.000753068 0.0376563
650 161 0.000485780 0.0600833
656 161 0.000035402 0.129248
663 161 0.000955233 0.0151327
676 161 0.000843159 0.0292062
681 161 0.000272259 0.0806536
691 161 0.000578105 0.052345
729 161 0.000205440 0.088955
635 162 0.000637628 0.0474342
636 162 0.000297126 0.0778974
699 162 0.000620518 0.0488467
710 162 0.000110251 0.105
741 162 0.000022206 0.137975
628 163 0.000529300 0.0564004
636 163 0.000338714 0.0735731
650 163 0.000922932 0.020025
663 163 0.000713195 0.0411096
676 163 0.000270901 0.0808084
691 163 0.000733594 0.0393573
741 163 0.000098865 0.107564
615 164 0.000341981 0.0732462
656 164 0.000742004 0.0386264
668 164 0.000970834 0.0121655
676 164 0.000364656 0.0710211
686 164 0.000697537 0.0424382
699 164 0.000552225 0.0544885
615 165 0.000312922 0.0762168
628 165 0.000011794 0.149
650 165 0.000088478 0.110114
676 165 0.000843665 0.0291548
699 165 0.000732421 0.0394588
