1162 1150 
387 0 0.000339653 0.144627
415 0 0.000339653 0.100265
426 0 0.000339653 0.127142
436 0 0.000339653 0.108706
452 0 0.000339653 0.0566127
477 0 0.000339653 0.117004
499 0 0.000339653 0.0632851
509 0 0.000339653 0.106513
548 0 0.000339653 0.0943663
376 1 0.000405708 0.142443
408 1 0.000405708 0.121918
441 1 0.000405708 0.110923
477 1 0.000405708 0.0161245
506 1 0.000405708 0.146031
509 1 0.000405708 0.0411947
515 1 0.000405708 0.135418
516 1 0.000405708 0.10959
526 1 0.000405708 0.0728972
534 1 0.000405708 0.0990858
538 1 0.000405708 0.111759
587 1 0.000405708 0.142032
387 2 0.000426726 0.136341
412 2 0.000426726 0.0890505
417 2 0.000426726 0.112432
436 2 0.000426726 0.127047
446 2 0.000426726 0.136616
484 2 0.000426726 0.0547449
497 2 0.000426726 0.134733
536 2 0.000426726 0.135074
548 2 0.000426726 0.0890225
556 2 0.000426726 0.126016
397 3 0.000829996 0.114769
444 3 0.000829996 0.0470425
498 3 0.000829996 0.126696
540 3 0.000829996 0.10245
555 3 0.000829996 0.101922
397 4 0.000497159 0.106794
441 4 0.000497159 0.0948736
467 4 0.000497159 0.095352
472 4 0.000497159 0.100404
477 4 0.000497159 0.0363456
506 4 0.000497159 0.12596
548 4 0.000497159 0.133417
575 4 0.000497159 0.12474
587 4 0.000497159 0.14089
498 5 0.001163703 0.144838
515 5 0.001163703 0.116456
516 5 0.001163703 0.123976
397 6 0.000651562 0.131469
484 6 0.000651562 0.0950211
509 6 0.000651562 0.0823468
556 6 0.000651562 0.149164
575 6 0.000651562 0.122528
371 7 0.000719319 0.148788
417 7 0.000719319 0.131712
449 7 0.000719319 0.122004
477 7 0.000719319 0.0422019
496 7 0.000719319 0.0187883
436 8 0.000620755 0.0835464
472 8 0.000620755 0.0606383
481 8 0.000620755 0.0186815
499 8 0.000620755 0.0260768
400 9 0.000447456 0.141873
415 9 0.000447456 0.0924175
417 9 0.000447456 0.13537
441 9 0.000447456 0.0714003
469 9 0.000447456 0.1386
471 9 0.000447456 0.120669
472 9 0.000447456 0.0274591
484 9 0.000447456 0.031
499 9 0.000447456 0.09827
506 9 0.000447456 0.0290689
510 9 0.000447456 0.068
532 9 0.000447456 0.149967
380 10 0.000325303 0.141028
400 10 0.000325303 0.1298
412 10 0.000325303 0.105849
453 10 0.000325303 0.0502494
499 10 0.000325303 0.117886
500 10 0.000325303 0.136624
564 10 0.000325303 0.131015
570 10 0.000325303 0.112446
398 11 0.000242673 0.112018
401 11 0.000242673 0.117175
431 11 0.000242673 0.109343
432 11 0.000242673 0.0692604
465 11 0.000242673 0.0934077
467 11 0.000242673 0.0241868
474 11 0.000242673 0.0445982
477 11 0.000242673 0.0623699
499 11 0.000242673 0.125447
526 11 0.000242673 0.0696563
537 11 0.000242673 0.114285
540 11 0.000242673 0.126491
568 11 0.000242673 0.13381
417 12 0.001114014 0.0930054
432 12 0.001114014 0.143757
452 12 0.001114014 0.115871
481 12 0.001114014 0.0383275
408 13 0.000883762 0.117393
449 13 0.000883762 0.0857963
497 13 0.000883762 0.131309
548 13 0.000883762 0.071007
408 14 0.000515726 0.113159
412 14 0.000515726 0.110023
415 14 0.000515726 0.117661
417 14 0.000515726 0.116284
449 14 0.000515726 0.0732462
477 14 0.000515726 0.119854
570 14 0.000515726 0.114039
440 15 0.000301670 0.143544
449 15 0.000301670 0.0807217
471 15 0.000301670 0.0396611
477 15 0.000301670 0.03
496 15 0.000301670 0.0510882
509 15 0.000301670 0.019105
515 15 0.000301670 0.1314
516 15 0.000301670 0.10017
575 15 0.000301670 0.112004
576 15 0.000301670 0.146373
449 16 0.000441551 0.110941
467 16 0.000441551 0.0530377
498 16 0.000441551 0.1251
509 16 0.000441551 0.0434626
516 16 0.000441551 0.136945
526 16 0.000441551 0.0411096
537 16 0.000441551 0.144669
597 16 0.000441551 0.137033
407 17 0.000384187 0.129283
441 17 0.000384187 0.107564
444 17 0.000384187 0.0914385
452 17 0.000384187 0.139989
467 17 0.000384187 0.102318
474 17 0.000384187 0.142972
555 17 0.000384187 0.0817068
564 17 0.000384187 0.111018
436 18 0.000344051 0.0827103
471 18 0.000344051 0.0544885
496 18 0.000344051 0.0330151
504 18 0.000344051 0.0717008
526 18 0.000344051 0.0425441
575 18 0.000344051 0.116812
401 19 0.000777935 0.14089
444 19 0.000777935 0.0727805
465 19 0.000777935 0.119269
504 19 0.000777935 0.0332415
509 19 0.000777935 0.0606383
587 19 0.000777935 0.12621
415 20 0.001624462 0.135
436 20 0.001624462 0.11245
387 21 0.000713374 0.146328
452 21 0.000713374 0.0652534
473 21 0.000713374 0.0676018
516 21 0.000713374 0.0680074
536 21 0.000713374 0.0834865
564 21 0.000713374 0.117593
570 21 0.000713374 0.0946414
444 22 0.000644258 0.12567
452 22 0.000644258 0.104809
481 22 0.000644258 0.0291548
526 22 0.000644258 0.103817
540 22 0.000644258 0.0662873
548 22 0.000644258 0.0841724
604 22 0.000644258 0.13909
446 23 0.000771631 0.126752
472 23 0.000771631 0.0430116
532 23 0.000771631 0.141089
564 23 0.000771631 0.104293
600 23 0.000771631 0.134164
407 24 0.000317247 0.144803
417 24 0.000317247 0.110041
472 24 0.000317247 0.0840952
484 24 0.000317247 0.131685
506 24 0.000317247 0.0973293
526 24 0.000317247 0.0845813
534 24 0.000317247 0.0487647
538 24 0.000317247 0.131309
604 24 0.000317247 0.139262
398 25 0.000282790 0.132004
401 25 0.000282790 0.136297
407 25 0.000282790 0.129973
440 25 0.000282790 0.094414
449 25 0.000282790 0.148946
465 25 0.000282790 0.101518
496 25 0.000282790 0.0276586
498 25 0.000282790 0.0850235
499 25 0.000282790 0.123004
540 25 0.000282790 0.115382
569 25 0.000282790 0.0920489
415 26 0.000909617 0.122066
472 26 0.000909617 0.0414367
506 26 0.000909617 0.0152971
534 26 0.000909617 0.0701783
412 27 0.001448206 0.130115
453 27 0.001448206 0.111198
444 28 0.000402363 0.0966075
467 28 0.000402363 0.0952103
499 28 0.000402363 0.0458803
526 28 0.000402363 0.04219
538 28 0.000402363 0.0885664
540 28 0.000402363 0.0466476
575 28 0.000402363 0.0925905
604 28 0.000402363 0.140471
408 29 0.000530020 0.136092
453 29 0.000530020 0.13
477 29 0.000530020 0.110982
534 29 0.000530020 0.0341321
564 29 0.000530020 0.071007
587 29 0.000530020 0.131712
604 29 0.000530020 0.124036
407 30 0.000654324 0.137004
436 30 0.000654324 0.106775
467 30 0.000654324 0.0698928
504 30 0.000654324 0.0527731
547 30 0.000654324 0.0979439
568 30 0.000654324 0.141834
597 30 0.000654324 0.117047
407 31 0.000399419 0.139169
444 31 0.000399419 0.0928924
477 31 0.000399419 0.048
515 31 0.000399419 0.111005
540 31 0.000399419 0.0567274
555 31 0.000399419 0.0554437
575 31 0.000399419 0.100424
613 31 0.000399419 0.132098
615 31 0.000399419 0.138521
497 32 0.000543377 0.086122
499 32 0.000543377 0.122053
548 32 0.000543377 0.0629682
556 32 0.000543377 0.0617414
563 32 0.000543377 0.137437
570 32 0.000543377 0.0764853
444 33 0.000492150 0.092228
496 33 0.000492150 0.022561
505 33 0.000492150 0.149335
526 33 0.000492150 0.0276586
540 33 0.000492150 0.0886397
547 33 0.000492150 0.0802621
587 33 0.000492150 0.107824
597 33 0.000492150 0.111018
436 34 0.001561113 0.102421
472 34 0.001561113 0.111414
575 34 0.001561113 0.0816088
452 35 0.000837037 0.13306
499 35 0.000837037 0.0174642
504 35 0.000837037 0.130465
528 35 0.000837037 0.12478
575 35 0.000837037 0.0780577
496 36 0.000502564 0.115732
509 36 0.000502564 0.0606712
510 36 0.000502564 0.139291
548 36 0.000502564 0.0698928
555 36 0.000502564 0.0890505
589 36 0.000502564 0.107331
604 36 0.000502564 0.117107
615 36 0.000502564 0.133522
407 37 0.000243800 0.14904
440 37 0.000243800 0.112401
471 37 0.000243800 0.117661
474 37 0.000243800 0.069814
496 37 0.000243800 0.0374833
534 37 0.000243800 0.144682
569 37 0.000243800 0.0731642
587 37 0.000243800 0.116662
597 37 0.000243800 0.106231
599 37 0.000243800 0.121672
441 38 0.000374024 0.110463
446 38 0.000374024 0.137295
449 38 0.000374024 0.128725
481 38 0.000374024 0.0848764
497 38 0.000374024 0.105759
516 38 0.000374024 0.0501597
536 38 0.000374024 0.0870919
548 38 0.000374024 0.0466154
564 38 0.000374024 0.0898053
588 38 0.000374024 0.112606
415 39 0.000520136 0.137786
426 39 0.000520136 0.144031
449 39 0.000520136 0.115256
452 39 0.000520136 0.0900278
510 39 0.000520136 0.0758024
534 39 0.000520136 0.0645136
588 39 0.000520136 0.124652
600 39 0.000520136 0.116456
441 40 0.000468126 0.109225
453 40 0.000468126 0.135059
472 40 0.000468126 0.0722357
473 40 0.000468126 0.14625
510 40 0.000468126 0.111803
526 40 0.000468126 0.126063
587 40 0.000468126 0.125607
449 41 0.000386948 0.11277
473 41 0.000386948 0.13137
477 41 0.000386948 0.140872
481 41 0.000386948 0.0657647
484 41 0.000386948 0.0824621
510 41 0.000386948 0.0951262
556 41 0.000386948 0.0934719
589 41 0.000386948 0.0850235
619 41 0.000386948 0.12532
417 42 0.000383401 0.14893
441 42 0.000383401 0.148165
474 42 0.000383401 0.139671
516 42 0.000383401 0.0974936
534 42 0.000383401 0.0646297
538 42 0.000383401 0.0817863
548 42 0.000383401 0.121598
555 42 0.000383401 0.0388973
576 42 0.000383401 0.121078
604 42 0.000383401 0.122332
635 42 0.000383401 0.141057
441 43 0.000377413 0.127059
471 43 0.000377413 0.0766877
528 43 0.000377413 0.126063
538 43 0.000377413 0.118229
540 43 0.000377413 0.0230217
570 43 0.000377413 0.126562
575 43 0.000377413 0.0612944
587 43 0.000377413 0.0890674
613 43 0.000377413 0.134529
444 44 0.000752301 0.109073
474 44 0.000752301 0.108706
496 44 0.000752301 0.0423792
515 44 0.000752301 0.0937443
534 44 0.000752301 0.102313
569 44 0.000752301 0.0557853
597 44 0.000752301 0.0980816
497 45 0.000350448 0.090377
500 45 0.000350448 0.132699
506 45 0.000350448 0.0396232
516 45 0.000350448 0.0732462
563 45 0.000350448 0.127389
575 45 0.000350448 0.137753
628 45 0.000350448 0.135636
441 46 0.000561027 0.138957
471 46 0.000561027 0.0780256
540 46 0.000561027 0.0167631
575 46 0.000561027 0.0627694
613 46 0.000561027 0.122984
615 46 0.000561027 0.111072
432 47 0.000371976 0.129522
481 47 0.000371976 0.147136
504 47 0.000371976 0.0466905
509 47 0.000371976 0.0630714
564 47 0.000371976 0.146731
599 47 0.000371976 0.119474
613 47 0.000371976 0.11082
624 47 0.000371976 0.132034
471 48 0.000937992 0.0885494
474 48 0.000937992 0.12567
509 48 0.000937992 0.0336006
516 48 0.000937992 0.116902
635 48 0.000937992 0.137819
496 49 0.000465891 0.132518
509 49 0.000465891 0.0772528
510 49 0.000465891 0.13005
516 49 0.000465891 0.0318277
555 49 0.000465891 0.090824
556 49 0.000465891 0.122528
569 49 0.000465891 0.134629
474 50 0.000903316 0.087983
509 50 0.000903316 0.0826378
515 50 0.000903316 0.0590931
544 50 0.000903316 0.14279
624 50 0.000903316 0.123223
540 51 0.000262926 0.0332415
555 51 0.000262926 0.0734098
556 51 0.000262926 0.139488
569 51 0.000262926 0.117273
589 51 0.000262926 0.0924175
473 52 0.000520291 0.105475
484 52 0.000520291 0.0667308
506 52 0.000520291 0.0357351
534 52 0.000520291 0.0850059
556 52 0.000520291 0.051614
564 52 0.000520291 0.0787718
575 52 0.000520291 0.118512
600 52 0.000520291 0.0906091
471 53 0.001429335 0.138405
509 53 0.001429335 0.133881
556 53 0.001429335 0.0666408
452 54 0.000283932 0.11957
472 54 0.000283932 0.0860233
506 54 0.000283932 0.0478853
528 54 0.000283932 0.0494773
534 54 0.000283932 0.0514782
575 54 0.000283932 0.0849058
588 54 0.000283932 0.113464
628 54 0.000283932 0.139607
636 54 0.000283932 0.128265
650 54 0.000283932 0.149452
528 55 0.000798256 0.070406
540 55 0.000798256 0.0700071
555 55 0.000798256 0.107689
575 55 0.000798256 0.0667083
636 55 0.000798256 0.124036
471 56 0.001025440 0.09827
506 56 0.001025440 0.145784
538 56 0.001025440 0.0800999
576 56 0.001025440 0.11179
441 57 0.000409144 0.145908
477 57 0.000409144 0.103465
528 57 0.000409144 0.127142
548 57 0.000409144 0.0820975
555 57 0.000409144 0.0515461
564 57 0.000409144 0.0549181
575 57 0.000409144 0.0404475
604 57 0.000409144 0.086977
636 57 0.000409144 0.132503
643 57 0.000409144 0.134536
432 58 0.000442050 0.146891
444 58 0.000442050 0.130863
471 58 0.000442050 0.124471
526 58 0.000442050 0.0296985
540 58 0.000442050 0.0810555
587 58 0.000442050 0.075743
604 58 0.000442050 0.147275
615 58 0.000442050 0.121918
436 59 0.000328024 0.145331
515 59 0.000328024 0.100846
537 59 0.000328024 0.137364
540 59 0.000328024 0.0610737
555 59 0.000328024 0.0291548
599 59 0.000328024 0.120254
615 59 0.000328024 0.109836
499 60 0.000343333 0.0863134
509 60 0.000343333 0.052
538 60 0.000343333 0.0615224
540 60 0.000343333 0.0434166
555 60 0.000343333 0.0138924
599 60 0.000343333 0.133147
615 60 0.000343333 0.0984124
624 60 0.000343333 0.132774
656 60 0.000343333 0.146492
441 61 0.000310664 0.149563
472 61 0.000310664 0.103078
481 61 0.000310664 0.11814
484 61 0.000310664 0.0812158
506 61 0.000310664 0.0544243
510 61 0.000310664 0.0644438
534 61 0.000310664 0.0943663
556 61 0.000310664 0.0364005
589 61 0.000310664 0.0745185
600 61 0.000310664 0.0725603
604 61 0.000310664 0.119854
636 61 0.000310664 0.134332
650 61 0.000310664 0.135015
449 62 0.000751307 0.132966
504 62 0.000751307 0.119854
509 62 0.000751307 0.0515461
548 62 0.000751307 0.102005
615 62 0.000751307 0.0882043
619 62 0.000751307 0.147757
441 63 0.000511496 0.140071
499 63 0.000511496 0.0666408
510 63 0.000511496 0.136125
555 63 0.000511496 0.0857088
564 63 0.000511496 0.0269258
619 63 0.000511496 0.110454
449 64 0.000980899 0.13
472 64 0.000980899 0.117047
499 64 0.000980899 0.0626498
556 64 0.000980899 0.138362
589 64 0.000980899 0.0777946
613 64 0.000980899 0.123069
505 65 0.000433070 0.139714
515 65 0.000433070 0.0694262
526 65 0.000433070 0.0504777
624 65 0.000433070 0.10139
637 65 0.000433070 0.137295
640 65 0.000433070 0.119419
659 65 0.000433070 0.149452
473 66 0.000321217 0.129835
484 66 0.000321217 0.091
499 66 0.000321217 0.111503
556 66 0.000321217 0.0557315
615 66 0.000321217 0.1414
619 66 0.000321217 0.0911373
628 66 0.000321217 0.118068
636 66 0.000321217 0.121631
534 67 0.000616820 0.0567979
540 67 0.000616820 0.092228
555 67 0.000616820 0.127035
564 67 0.000616820 0.0362353
615 67 0.000616820 0.121918
619 67 0.000616820 0.0874757
623 67 0.000616820 0.145086
643 67 0.000616820 0.13783
663 67 0.000616820 0.143014
452 68 0.000358891 0.147719
499 68 0.000358891 0.0884816
506 68 0.000358891 0.078492
588 68 0.000358891 0.121491
600 68 0.000358891 0.0924554
613 68 0.000358891 0.149586
615 68 0.000358891 0.103276
636 68 0.000358891 0.103044
496 69 0.000659033 0.0793095
498 69 0.000659033 0.129035
515 69 0.000659033 0.0910494
564 69 0.000659033 0.142425
576 69 0.000659033 0.0500899
597 69 0.000659033 0.0545711
496 70 0.000355365 0.115261
506 70 0.000355365 0.127624
516 70 0.000355365 0.0885268
548 70 0.000355365 0.0906091
569 70 0.000355365 0.0830241
597 70 0.000355365 0.114039
600 70 0.000355365 0.1467
635 70 0.000355365 0.104676
504 71 0.001328640 0.0886002
568 71 0.001328640 0.122589
599 71 0.001328640 0.108407
624 71 0.001328640 0.107448
526 72 0.000417477 0.058
540 72 0.000417477 0.031241
569 72 0.000417477 0.0572713
604 72 0.000417477 0.0862786
668 72 0.000417477 0.144586
484 73 0.000434451 0.0988585
499 73 0.000434451 0.137568
510 73 0.000434451 0.0782304
534 73 0.000434451 0.09996
556 73 0.000434451 0.0333766
563 73 0.000434451 0.127142
588 73 0.000434451 0.0628013
636 73 0.000434451 0.119541
471 74 0.000478600 0.125873
504 74 0.000478600 0.103238
516 74 0.000478600 0.128891
526 74 0.000478600 0.047927
604 74 0.000478600 0.101257
668 74 0.000478600 0.146014
613 75 0.001479213 0.128472
635 75 0.001479213 0.123065
650 75 0.001479213 0.141241
474 76 0.000844520 0.125252
526 76 0.000844520 0.0658559
537 76 0.000844520 0.10139
568 76 0.000844520 0.0791581
659 76 0.000844520 0.128736
471 77 0.000505240 0.129031
499 77 0.000505240 0.0844808
509 77 0.000505240 0.089627
538 77 0.000505240 0.137033
587 77 0.000505240 0.065307
636 77 0.000505240 0.0995389
499 78 0.000525043 0.128316
506 78 0.000525043 0.0760592
510 78 0.000525043 0.0938616
556 78 0.000525043 0.0514198
506 79 0.000394040 0.0784474
510 79 0.000394040 0.106794
587 79 0.000394040 0.131795
589 79 0.000394040 0.0340147
603 79 0.000394040 0.146441
623 79 0.000394040 0.128456
628 79 0.000394040 0.106212
636 79 0.000394040 0.0964624
663 79 0.000394040 0.126396
481 80 0.000129954 0.122025
516 80 0.000129954 0.075326
555 80 0.000129954 0.116902
556 80 0.000129954 0.0902441
565 80 0.000129954 0.141057
589 80 0.000129954 0.0247386
613 80 0.000129954 0.149486
623 80 0.000129954 0.141824
635 80 0.000129954 0.135418
663 80 0.000129954 0.119419
504 81 0.000557631 0.0974936
526 81 0.000557631 0.0588558
534 81 0.000557631 0.12083
547 81 0.000557631 0.0873212
587 81 0.000557631 0.0442832
599 81 0.000557631 0.0931075
659 81 0.000557631 0.134833
471 82 0.000208835 0.134034
506 82 0.000208835 0.147054
547 82 0.000208835 0.148192
569 82 0.000208835 0.0701142
570 82 0.000208835 0.132015
576 82 0.000208835 0.122037
604 82 0.000208835 0.0651153
619 82 0.000208835 0.128413
640 82 0.000208835 0.123762
510 83 0.000387434 0.144267
600 83 0.000387434 0.0917878
615 83 0.000387434 0.0799812
663 83 0.000387434 0.121037
668 83 0.000387434 0.142667
516 84 0.000981045 0.104235
556 84 0.000981045 0.0361248
636 84 0.000981045 0.108301
509 85 0.000517534 0.109636
575 85 0.000517534 0.110018
587 85 0.000517534 0.0628172
615 85 0.000517534 0.103446
640 85 0.000517534 0.0850059
643 85 0.000517534 0.148054
656 85 0.000517534 0.113842
477 86 0.000464116 0.141439
526 86 0.000464116 0.0973088
555 86 0.000464116 0.0572451
564 86 0.000464116 0.045607
604 86 0.000464116 0.0482597
635 86 0.000464116 0.0890674
668 86 0.000464116 0.125936
504 87 0.000437779 0.125256
516 87 0.000437779 0.129468
534 87 0.000437779 0.0882383
538 87 0.000437779 0.0885099
589 87 0.000437779 0.115412
615 87 0.000437779 0.0573062
635 87 0.000437779 0.0770065
643 87 0.000437779 0.105816
656 87 0.000437779 0.110114
477 88 0.000561142 0.132095
499 88 0.000561142 0.12093
504 88 0.000561142 0.114856
548 88 0.000561142 0.148762
564 88 0.000561142 0.108046
569 88 0.000561142 0.0300832
656 88 0.000561142 0.105233
499 89 0.000664229 0.103576
516 89 0.000664229 0.0915478
526 89 0.000664229 0.118714
615 89 0.000664229 0.0603075
619 89 0.000664229 0.0864002
643 89 0.000664229 0.0879659
663 89 0.000664229 0.120341
668 89 0.000664229 0.127224
528 90 0.000488884 0.0775242
575 90 0.000488884 0.0816149
600 90 0.000488884 0.0493964
635 90 0.000488884 0.14589
661 90 0.000488884 0.133843
484 91 0.000219973 0.128655
510 91 0.000219973 0.108908
528 91 0.000219973 0.0693758
536 91 0.000219973 0.104623
563 91 0.000219973 0.141718
565 91 0.000219973 0.100449
589 91 0.000219973 0.0376431
603 91 0.000219973 0.11957
619 91 0.000219973 0.0509608
650 91 0.000219973 0.08956
467 92 0.000821236 0.149272
496 92 0.000821236 0.11609
544 92 0.000821236 0.141152
660 92 0.000821236 0.143558
506 93 0.000423337 0.107838
510 93 0.000423337 0.1386
536 93 0.000423337 0.143126
588 93 0.000423337 0.105119
604 93 0.000423337 0.0458039
615 93 0.000423337 0.0885664
619 93 0.000423337 0.0521536
663 93 0.000423337 0.101494
526 94 0.000705094 0.0774145
538 94 0.000705094 0.0708308
568 94 0.000705094 0.117277
597 94 0.000705094 0.0317648
624 94 0.000705094 0.0774661
637 94 0.000705094 0.127424
496 95 0.000406437 0.130146
499 95 0.000406437 0.118596
509 95 0.000406437 0.101079
516 95 0.000406437 0.131552
534 95 0.000406437 0.0907855
570 95 0.000406437 0.146513
613 95 0.000406437 0.0539073
615 95 0.000406437 0.0402492
674 95 0.000406437 0.142636
676 95 0.000406437 0.138062
686 95 0.000406437 0.135595
506 96 0.000844649 0.119419
528 96 0.000844649 0.110345
588 96 0.000844649 0.125004
643 96 0.000844649 0.0823468
570 97 0.001152167 0.106733
613 97 0.001152167 0.0880227
615 97 0.001152167 0.0402244
650 97 0.001152167 0.134618
676 97 0.001152167 0.11957
496 98 0.000239086 0.121499
515 98 0.000239086 0.119541
526 98 0.000239086 0.0853815
537 98 0.000239086 0.131229
547 98 0.000239086 0.0856329
656 98 0.000239086 0.094578
659 98 0.000239086 0.10633
509 99 0.000471492 0.109659
534 99 0.000471492 0.084534
575 99 0.000471492 0.0292062
587 99 0.000471492 0.0315753
600 99 0.000471492 0.141598
636 99 0.000471492 0.0878635
496 100 0.000955454 0.128845
499 100 0.000955454 0.133724
509 100 0.000955454 0.10949
575 100 0.000955454 0.064622
597 101 0.000762591 0.139014
600 101 0.000762591 0.0991817
613 101 0.000762591 0.105323
635 101 0.000762591 0.0868389
650 101 0.000762591 0.111826
699 101 0.000762591 0.136312
506 102 0.000335179 0.117154
516 102 0.000335179 0.113842
565 102 0.000335179 0.117953
588 102 0.000335179 0.0766551
603 102 0.000335179 0.129314
604 102 0.000335179 0.067082
619 102 0.000335179 0.0290172
628 102 0.000335179 0.071218
650 102 0.000335179 0.0727324
668 102 0.000335179 0.149803
589 103 0.000595770 0.0458912
615 103 0.000595770 0.133004
623 103 0.000595770 0.0814371
650 103 0.000595770 0.0690072
661 103 0.000595770 0.10017
663 103 0.000595770 0.0952733
695 103 0.000595770 0.148003
504 104 0.000344699 0.120503
526 104 0.000344699 0.100648
569 104 0.000344699 0.0458039
574 104 0.000344699 0.12394
596 104 0.000344699 0.147
615 104 0.000344699 0.104346
624 104 0.000344699 0.0430116
643 104 0.000344699 0.142664
674 104 0.000344699 0.102005
510 105 0.000587447 0.145417
534 105 0.000587447 0.0953834
556 105 0.000587447 0.0965194
575 105 0.000587447 0.0747329
623 105 0.000587447 0.121565
663 105 0.000587447 0.0850235
504 106 0.000414068 0.133825
526 106 0.000414068 0.0930054
568 106 0.000414068 0.129988
624 106 0.000414068 0.0764853
637 106 0.000414068 0.128156
674 106 0.000414068 0.108853
499 107 0.000406073 0.1364
538 107 0.000406073 0.117456
604 107 0.000406073 0.0602993
613 107 0.000406073 0.0449444
636 107 0.000406073 0.0961769
640 107 0.000406073 0.0898721
656 107 0.000406073 0.0827345
663 107 0.000406073 0.1336
676 107 0.000406073 0.121495
499 108 0.000534695 0.133004
635 108 0.000534695 0.0645368
636 108 0.000534695 0.0629682
643 108 0.000534695 0.0561427
705 108 0.000534695 0.147258
534 109 0.000528223 0.0939628
548 109 0.000528223 0.0791202
588 109 0.000528223 0.118377
619 109 0.000528223 0.0451774
691 109 0.000528223 0.124423
705 109 0.000528223 0.137233
515 110 0.000180060 0.140357
538 110 0.000180060 0.0879318
568 110 0.000180060 0.114634
640 110 0.000180060 0.0490408
643 110 0.000180060 0.116297
656 110 0.000180060 0.0736817
684 110 0.000180060 0.141534
686 110 0.000180060 0.110635
499 111 0.000488551 0.140036
516 111 0.000488551 0.140161
564 111 0.000488551 0.0777946
624 111 0.000488551 0.132834
656 111 0.000488551 0.0878635
534 112 0.000872506 0.123227
540 112 0.000872506 0.0941541
624 112 0.000872506 0.0943663
659 112 0.000872506 0.125399
506 113 0.000710356 0.135484
536 113 0.000710356 0.148822
555 113 0.000710356 0.148125
603 113 0.000710356 0.143224
643 113 0.000710356 0.0834865
676 113 0.000710356 0.0988433
536 114 0.000327678 0.116503
556 114 0.000327678 0.074
564 114 0.000327678 0.101514
565 114 0.000327678 0.0940479
570 114 0.000327678 0.0537587
575 114 0.000327678 0.132608
591 114 0.000327678 0.138755
615 114 0.000327678 0.144125
676 114 0.000327678 0.128004
713 114 0.000327678 0.140464
556 115 0.000228854 0.136528
564 115 0.000228854 0.0595399
615 115 0.000228854 0.0521536
643 115 0.000228854 0.0519711
650 115 0.000228854 0.0943398
661 115 0.000228854 0.14758
663 115 0.000228854 0.077026
676 115 0.000228854 0.087
691 115 0.000228854 0.121433
706 115 0.000228854 0.146485
528 116 0.000342302 0.10806
536 116 0.000342302 0.133207
556 116 0.000342302 0.0870919
575 116 0.000342302 0.110463
604 116 0.000342302 0.0763217
628 116 0.000342302 0.0523546
643 116 0.000342302 0.103315
655 116 0.000342302 0.121655
676 116 0.000342302 0.109809
691 116 0.000342302 0.105171
713 116 0.000342302 0.146154
597 117 0.000424913 0.0190263
615 117 0.000424913 0.0940213
624 117 0.000424913 0.0362491
635 117 0.000424913 0.0730068
656 117 0.000424913 0.0712811
668 117 0.000424913 0.115624
686 117 0.000424913 0.105309
706 117 0.000424913 0.144755
710 117 0.000424913 0.131381
587 118 0.000588077 0.0716938
600 118 0.000588077 0.111306
635 118 0.000588077 0.0657951
650 118 0.000588077 0.109165
663 118 0.000588077 0.0849588
691 118 0.000588077 0.128845
504 119 0.000554481 0.143003
587 119 0.000554481 0.0927038
597 119 0.000554481 0.0290689
624 119 0.000554481 0.0176918
635 119 0.000554481 0.090802
637 119 0.000554481 0.0684471
656 119 0.000554481 0.0820731
587 120 0.001402097 0.0441022
613 120 0.001402097 0.00632456
637 120 0.001402097 0.126372
526 121 0.000839208 0.126846
540 121 0.000839208 0.0996092
640 121 0.000839208 0.0863771
650 121 0.000839208 0.148081
506 122 0.000414779 0.14893
516 122 0.000414779 0.135059
534 122 0.000414779 0.114791
575 122 0.000414779 0.0806102
600 122 0.000414779 0.0692604
623 122 0.000414779 0.128191
668 122 0.000414779 0.107935
681 122 0.000414779 0.113358
538 123 0.000652654 0.109768
547 123 0.000652654 0.125252
604 123 0.000652654 0.115572
613 123 0.000652654 0.015
643 123 0.000652654 0.10246
660 123 0.000652654 0.147828
526 124 0.000899386 0.126846
575 124 0.000899386 0.0792023
599 124 0.000899386 0.12886
635 124 0.000899386 0.0170294
640 124 0.000899386 0.0674166
548 125 0.000435543 0.127283
569 125 0.000435543 0.114202
589 125 0.000435543 0.0816333
600 125 0.000435543 0.129838
640 125 0.000435543 0.109659
668 125 0.000435543 0.0667308
686 125 0.000435543 0.109481
729 125 0.000435543 0.140616
534 126 0.000979344 0.131126
556 126 0.000979344 0.107201
619 126 0.000979344 0.00565685
663 126 0.000979344 0.0548179
556 127 0.000891451 0.0921141
619 127 0.000891451 0.0272947
623 127 0.000891451 0.0700071
661 127 0.000891451 0.0714493
713 127 0.000891451 0.12744
516 128 0.000191984 0.147489
548 128 0.000191984 0.11068
564 128 0.000191984 0.0790063
587 128 0.000191984 0.103942
623 128 0.000191984 0.144087
643 128 0.000191984 0.0430116
661 128 0.000191984 0.13132
676 128 0.000191984 0.0676018
681 128 0.000191984 0.116662
691 128 0.000191984 0.0996444
729 128 0.000191984 0.133222
555 129 0.000540438 0.107824
575 129 0.000540438 0.127581
604 129 0.000540438 0.13222
624 129 0.000540438 0.0413038
660 129 0.000540438 0.1303
699 129 0.000540438 0.140264
706 129 0.000540438 0.123491
555 130 0.000903049 0.123065
575 130 0.000903049 0.0752861
587 130 0.000903049 0.0898109
613 130 0.000903049 0.102961
547 131 0.000826171 0.118474
615 131 0.000826171 0.106888
659 131 0.000826171 0.0530754
674 131 0.000826171 0.0601332
698 131 0.000826171 0.0946414
732 131 0.000826171 0.149693
635 132 0.001114052 0.0180278
637 132 0.001114052 0.132306
640 132 0.001114052 0.0487647
526 133 0.000505770 0.146014
569 133 0.000505770 0.108977
570 133 0.000505770 0.149893
636 133 0.000505770 0.0693542
640 133 0.000505770 0.090934
676 133 0.000505770 0.0815659
691 133 0.000505770 0.13927
570 134 0.000352969 0.0785175
623 134 0.000352969 0.0875728
628 134 0.000352969 0.047
655 134 0.000352969 0.113323
668 134 0.000352969 0.134462
691 134 0.000352969 0.0801561
699 134 0.000352969 0.133795
540 135 0.000326602 0.147003
588 135 0.000326602 0.109772
604 135 0.000326602 0.0574282
619 135 0.000326602 0.0240832
628 135 0.000326602 0.0750067
635 135 0.000326602 0.117107
650 135 0.000326602 0.0483735
661 135 0.000326602 0.102157
668 135 0.000326602 0.108706
681 135 0.000326602 0.0912853
569 136 0.000501971 0.0859884
587 136 0.000501971 0.0702353
635 136 0.000501971 0.0350143
643 136 0.000501971 0.0892693
684 136 0.000501971 0.128631
699 136 0.000501971 0.117414
569 137 0.000706526 0.103465
575 137 0.000706526 0.0898999
576 137 0.000706526 0.134402
587 137 0.000706526 0.0647765
615 137 0.000706526 0.0338378
674 137 0.000706526 0.0970979
548 138 0.000434611 0.136858
569 138 0.000434611 0.132548
570 138 0.000434611 0.132774
575 138 0.000434611 0.0811542
589 138 0.000434611 0.0855628
604 138 0.000434611 0.0429535
635 138 0.000434611 0.0520096
699 138 0.000434611 0.0832166
705 138 0.000434611 0.106944
556 139 0.000248420 0.143837
564 139 0.000248420 0.0958853
588 139 0.000248420 0.129495
643 139 0.000248420 0.0478539
656 139 0.000248420 0.129437
661 139 0.000248420 0.114983
663 139 0.000248420 0.0353553
668 139 0.000248420 0.0890056
699 139 0.000248420 0.0956922
534 140 0.000404558 0.145784
569 140 0.000404558 0.126905
589 140 0.000404558 0.104139
643 140 0.000404558 0.0184391
691 140 0.000404558 0.122967
699 140 0.000404558 0.0748131
706 140 0.000404558 0.0907579
729 140 0.000404558 0.116387
570 141 0.000497897 0.122147
604 141 0.000497897 0.0483735
615 141 0.000497897 0.0614003
635 141 0.000497897 0.0766551
643 141 0.000497897 0.0233452
661 141 0.000497897 0.137295
663 141 0.000497897 0.0485489
738 141 0.000497897 0.136488
570 142 0.000412514 0.0967729
604 142 0.000412514 0.0776209
628 142 0.000412514 0.0630635
636 142 0.000412514 0.037108
643 142 0.000412514 0.0781025
655 142 0.000412514 0.123911
676 142 0.000412514 0.0694262
713 142 0.000412514 0.117801
528 143 0.000386196 0.14734
556 143 0.000386196 0.119218
619 143 0.000386196 0.0380132
628 143 0.000386196 0.0384838
633 143 0.000386196 0.131461
636 143 0.000386196 0.0626498
643 143 0.000386196 0.104077
655 143 0.000386196 0.0981529
661 143 0.000386196 0.0595063
699 143 0.000386196 0.133405
713 143 0.000386196 0.104216
724 143 0.000386196 0.104005
538 144 0.000411373 0.137117
568 144 0.000411373 0.141485
569 144 0.000411373 0.0970824
587 144 0.000411373 0.0893085
606 144 0.000411373 0.126649
659 144 0.000411373 0.0654599
668 144 0.000411373 0.0809568
674 144 0.000411373 0.0474131
732 144 0.000411373 0.124193
564 145 0.000273016 0.140121
604 145 0.000273016 0.0931933
663 145 0.000273016 0.127098
668 145 0.000273016 0.0439318
674 145 0.000273016 0.0771751
706 145 0.000273016 0.0841724
710 145 0.000273016 0.101597
731 145 0.000273016 0.14145
555 146 0.000647301 0.134239
569 146 0.000647301 0.10284
643 146 0.000647301 0.125
660 146 0.000647301 0.111803
668 146 0.000647301 0.0983514
725 146 0.000647301 0.120441
732 146 0.000647301 0.128035
569 147 0.000194585 0.105323
576 147 0.000194585 0.121211
613 147 0.000194585 0.0453982
640 147 0.000194585 0.0392938
663 147 0.000194585 0.144257
668 147 0.000194585 0.0552268
674 147 0.000194585 0.06
698 147 0.000194585 0.102825
710 147 0.000194585 0.0904765
555 148 0.000521362 0.126495
564 148 0.000521362 0.130384
569 148 0.000521362 0.124342
604 148 0.000521362 0.0785684
613 148 0.000521362 0.068593
615 148 0.000521362 0.0480521
640 148 0.000521362 0.0820366
643 148 0.000521362 0.0364966
698 148 0.000521362 0.136883
706 148 0.000521362 0.0767919
619 149 0.000431784 0.0859593
635 149 0.000431784 0.0635689
643 149 0.000431784 0.00989949
650 149 0.000431784 0.0990202
668 149 0.000431784 0.0463249
699 149 0.000431784 0.0645368
548 150 0.000881104 0.138232
570 150 0.000881104 0.112947
615 150 0.000881104 0.100722
655 150 0.000881104 0.139032
676 150 0.000881104 0.0495177
757 150 0.000881104 0.144368
589 151 0.000979075 0.0851645
619 151 0.000979075 0.0629365
643 151 0.000979075 0.0380789
668 151 0.000979075 0.0727324
741 151 0.000979075 0.121037
556 152 0.000702951 0.135192
575 152 0.000702951 0.142864
600 152 0.000702951 0.0711688
636 152 0.000702951 0.0555428
713 152 0.000702951 0.0984733
724 152 0.000702951 0.0917878
564 153 0.000244333 0.126289
569 153 0.000244333 0.145245
575 153 0.000244333 0.108116
600 153 0.000244333 0.14686
636 153 0.000244333 0.0594811
656 153 0.000244333 0.069029
663 153 0.000244333 0.0754255
705 153 0.000244333 0.0906091
757 153 0.000244333 0.137277
587 154 0.000423848 0.0920054
615 154 0.000423848 0.0626099
619 154 0.000423848 0.1449
635 154 0.000423848 0.0290172
636 154 0.000423848 0.1
659 154 0.000423848 0.11304
668 154 0.000423848 0.0278029
691 154 0.000423848 0.148007
635 155 0.000866237 0.0522015
636 155 0.000866237 0.140246
660 155 0.000866237 0.140032
684 155 0.000866237 0.10911
597 156 0.001085311 0.0802247
624 156 0.001085311 0.0596657
640 156 0.001085311 0.0250799
659 156 0.001085311 0.052
635 157 0.000735014 0.0906201
640 157 0.000735014 0.0336006
643 157 0.000735014 0.138452
698 157 0.000735014 0.0538516
725 157 0.000735014 0.0971288
756 157 0.000735014 0.131472
600 158 0.000466264 0.1251
628 158 0.000466264 0.125865
636 158 0.000466264 0.0404969
643 158 0.000466264 0.029
699 158 0.000466264 0.0559464
710 158 0.000466264 0.14625
713 158 0.000466264 0.146294
600 159 0.000637581 0.089
661 159 0.000637581 0.0800062
691 159 0.000637581 0.0390512
695 159 0.000637581 0.11086
757 159 0.000637581 0.136565
569 160 0.000431616 0.127346
587 160 0.000431616 0.102421
636 160 0.000431616 0.119854
637 160 0.000431616 0.134629
663 160 0.000431616 0.136015
699 160 0.000431616 0.0796304
705 160 0.000431616 0.134659
725 160 0.000431616 0.138221
564 161 0.000380454 0.128876
589 161 0.000380454 0.0976217
615 161 0.000380454 0.0992472
623 161 0.000380454 0.140769
636 161 0.000380454 0.0376563
650 161 0.000380454 0.0600833
656 161 0.000380454 0.129248
686 161 0.000380454 0.131469
695 161 0.000380454 0.137641
699 161 0.000380454 0.0724707
724 161 0.000380454 0.0944034
741 161 0.000380454 0.103755
575 162 0.000153430 0.120669
587 162 0.000153430 0.106042
604 162 0.000153430 0.088193
613 162 0.000153430 0.0892749
640 162 0.000153430 0.0964624
659 162 0.000153430 0.141174
698 162 0.000153430 0.138514
705 162 0.000153430 0.0944034
729 162 0.000153430 0.0925905
731 162 0.000153430 0.145715
738 162 0.000153430 0.0980051
588 163 0.000515357 0.11277
604 163 0.000515357 0.116932
643 163 0.000515357 0.107935
705 163 0.000515357 0.078492
727 163 0.000515357 0.126372
741 163 0.000515357 0.107564
750 163 0.000515357 0.127059
613 164 0.000917309 0.0828553
668 164 0.000917309 0.0121655
729 164 0.000917309 0.0982344
771 164 0.000917309 0.137481
575 165 0.000497320 0.1251
604 165 0.000497320 0.0849294
691 165 0.000497320 0.0926553
732 165 0.000497320 0.112161
