3894 1250 
20 1 0.001000000
53 2 0.001000000
25 3 0.000430594
28 3 0.000019236
44 3 0.000343905
54 3 0.000206266
2 4 0.000047292
13 4 0.000264845
19 4 0.000256197
45 4 0.000351126
63 4 0.000080539
3 5 0.000261536
28 5 0.000738464
30 6 0.001000000
21 7 0.000407373
23 7 0.000536426
89 7 0.000056201
1 8 0.000008727
6 8 0.000145134
9 8 0.000034290
27 8 0.000358978
39 8 0.000157034
64 8 0.000147652
66 8 0.000148185
4 9 0.000049632
18 9 0.000320228
38 9 0.000091490
53 9 0.000331170
60 9 0.000207480
39 10 0.000683948
57 10 0.000297996
98 10 0.000018056
5 11 0.000139713
12 11 0.000035887
20 11 0.000334016
35 11 0.000490384
15 12 0.000207676
43 12 0.000532923
58 12 0.000259401
48 13 0.000506549
72 13 0.000457245
107 13 0.000036206
32 14 0.000328498
52 14 0.000132228
56 14 0.000380898
69 14 0.000011655
80 14 0.000146721
47 15 0.000537082
62 15 0.000095598
63 15 0.000190824
91 15 0.000129095
96 15 0.000013094
108 15 0.000034307
41 16 0.000036274
55 16 0.000474139
67 16 0.000267602
87 16 0.000206831
123 16 0.000015155
64 17 0.001000000
7 18 0.000088077
24 18 0.000297022
51 18 0.000592178
73 18 0.000022724
26 19 0.000734973
99 19 0.000265027
38 20 0.000377658
60 20 0.000461827
95 20 0.000160515
32 21 0.000338507
52 21 0.000497972
69 21 0.000163521
33 22 0.000510299
45 22 0.000489701
38 23 0.000349885
65 23 0.000528480
88 23 0.000008248
95 23 0.000113387
10 24 0.000003525
37 24 0.000301253
48 24 0.000407627
82 24 0.000287595
3 25 0.000015273
22 25 0.000207370
28 25 0.000096980
44 25 0.000451106
93 25 0.000229271
36 26 0.000337564
46 26 0.000293230
77 26 0.000369206
49 27 0.001000000
11 28 0.000202491
40 28 0.000797509
50 29 0.000542348
62 29 0.000334390
68 29 0.000123262
16 30 0.000105741
57 30 0.000460995
72 30 0.000019333
74 30 0.000203199
85 30 0.000210732
42 31 0.000172596
52 31 0.000304465
69 31 0.000377268
97 31 0.000145672
25 32 0.000192564
54 32 0.000509397
84 32 0.000298040
34 33 0.000202013
37 33 0.000235176
67 33 0.000405667
82 33 0.000136283
109 33 0.000009389
126 33 0.000011472
30 34 0.000235263
51 34 0.000262514
61 34 0.000497057
104 34 0.000005165
31 35 0.000115979
42 35 0.000354039
69 35 0.000258632
92 35 0.000271350
29 36 0.000151360
49 36 0.000173133
53 36 0.000256329
73 36 0.000330584
110 36 0.000088594
28 37 0.000155081
59 37 0.000335743
70 37 0.000286330
75 37 0.000024404
90 37 0.000080057
93 37 0.000118385
47 39 0.000396038
62 39 0.000603962
8 40 0.000032534
75 40 0.000967466
58 41 0.000414695
79 41 0.000295404
89 41 0.000289902
27 42 0.000136176
57 42 0.000248129
66 42 0.000615694
47 44 0.000323297
63 44 0.000528145
81 44 0.000148557
88 45 0.001000000
55 46 0.001000000
58 47 0.000257157
79 47 0.000742843
14 48 0.000022695
17 48 0.000042664
48 48 0.000321489
72 48 0.000387054
109 48 0.000226097
81 49 0.000893954
95 49 0.000067306
136 49 0.000038739
69 50 0.000056673
80 50 0.000381649
94 50 0.000130334
97 50 0.000206211
115 50 0.000167152
131 50 0.000057980
40 51 0.000161207
72 51 0.000466422
74 51 0.000372371
50 52 0.000198087
83 52 0.000538241
119 52 0.000263672
50 53 0.000118881
62 53 0.000265954
76 53 0.000147307
96 53 0.000314355
108 53 0.000153503
51 54 0.000185422
78 54 0.000533274
114 54 0.000281304
65 55 0.000715205
129 55 0.000284795
86 56 0.000689974
114 56 0.000310026
64 57 0.000086638
77 57 0.000363338
89 57 0.000345204
121 57 0.000204821
85 58 0.000450212
98 58 0.000300822
113 58 0.000248966
95 59 0.000630881
120 59 0.000369119
75 60 0.000133558
93 60 0.000404129
100 60 0.000246592
118 60 0.000182242
124 60 0.000033480
109 61 0.001000000
67 62 0.000306780
87 62 0.000545734
99 62 0.000147486
92 63 0.000594548
112 63 0.000405452
76 64 0.000262554
91 64 0.000272832
108 64 0.000259318
122 64 0.000205297
73 65 0.000419149
104 65 0.000425229
139 65 0.000155622
80 66 0.000192974
97 66 0.000500974
112 66 0.000306052
101 67 0.000919384
145 67 0.000080616
57 68 0.000127317
74 68 0.000338959
98 68 0.000533724
117 69 0.000730193
118 69 0.000269807
130 70 0.000409701
136 70 0.000590299
71 71 0.000354801
102 71 0.000645199
111 72 0.000499900
117 72 0.000500100
87 73 0.000234300
99 73 0.000489313
132 73 0.000276387
41 74 0.000030209
83 74 0.000510474
119 74 0.000459317
75 75 0.000611760
147 75 0.000314927
163 75 0.000073313
86 76 0.000340995
116 76 0.000634139
131 76 0.000024865
66 77 0.000162354
85 77 0.000138404
101 77 0.000440618
113 77 0.000258625
79 78 0.000162748
89 78 0.000379557
111 78 0.000457695
65 79 0.000186545
81 79 0.000354346
95 79 0.000183584
105 79 0.000275524
88 80 0.000467546
110 80 0.000532454
109 81 0.000610449
126 81 0.000389551
76 82 0.000109101
96 82 0.000207323
108 82 0.000320883
127 82 0.000140538
136 82 0.000008519
140 82 0.000213637
72 83 0.000130304
107 83 0.000487004
109 83 0.000301833
160 83 0.000030566
175 83 0.000050293
115 84 0.000638022
141 84 0.000336424
148 84 0.000025553
113 85 0.000630229
128 85 0.000369771
123 86 0.000381937
126 86 0.000262659
146 86 0.000355404
105 87 0.000194469
122 87 0.000491506
136 87 0.000314025
86 88 0.000343481
116 88 0.000496475
141 88 0.000092530
173 88 0.000067514
53 89 0.000013219
95 89 0.000120305
106 89 0.000018299
120 89 0.000345857
129 89 0.000103671
138 89 0.000156652
151 89 0.000203981
180 89 0.000038017
78 90 0.000081471
86 90 0.000055603
104 90 0.000218644
114 90 0.000280745
138 90 0.000014022
139 90 0.000153461
150 90 0.000191377
173 90 0.000004677
115 91 0.000376695
131 91 0.000623305
95 92 0.000270885
120 92 0.000240638
129 92 0.000488477
77 93 0.000064567
103 93 0.000136033
121 93 0.000345467
142 93 0.000199716
149 93 0.000150039
165 93 0.000104178
133 94 0.000675156
155 94 0.000324844
87 95 0.000020334
99 95 0.000185505
119 95 0.000343602
132 95 0.000214924
153 95 0.000235635
99 96 0.000870659
179 96 0.000129341
110 97 0.000338394
139 97 0.000526479
170 97 0.000135127
112 98 0.000409775
125 98 0.000192560
144 98 0.000397665
118 99 0.000527627
133 99 0.000390563
137 99 0.000081809
111 100 0.000127237
117 100 0.000361857
137 100 0.000280914
152 100 0.000229993
85 101 0.000086134
107 101 0.000097505
128 101 0.000516926
134 101 0.000299436
106 102 0.000901854
203 102 0.000098146
103 103 0.000205883
121 103 0.000152766
135 103 0.000258709
142 103 0.000333254
145 103 0.000049388
82 104 0.000181584
143 104 0.000267767
146 104 0.000398186
179 104 0.000152463
96 105 0.000279448
127 105 0.000720552
125 106 0.000502808
144 106 0.000247005
164 106 0.000250187
84 107 0.000159655
147 107 0.000840345
116 108 0.000664764
150 108 0.000176661
182 108 0.000066755
185 108 0.000091820
135 109 0.000588215
174 109 0.000208157
177 109 0.000203628
149 110 0.000504400
152 110 0.000495600
91 111 0.000039968
122 111 0.000246184
127 111 0.000049943
136 111 0.000072972
140 111 0.000270881
154 111 0.000320051
106 112 0.000189485
129 112 0.000270510
130 112 0.000378536
167 112 0.000161469
128 113 0.000263239
134 113 0.000736761
138 114 0.000627435
170 114 0.000358971
197 114 0.000013594
115 115 0.000171633
141 115 0.000399478
156 115 0.000230018
173 115 0.000168369
189 115 0.000030501
109 116 0.000175792
134 116 0.000141585
143 116 0.000485366
175 116 0.000197256
123 117 0.000091205
132 117 0.000316304
161 117 0.000222718
172 117 0.000316304
188 117 0.000053469
145 118 0.000389299
159 118 0.000338575
169 118 0.000064351
174 118 0.000048928
187 118 0.000158848
123 119 0.000345570
179 119 0.000475894
193 119 0.000178537
138 120 0.000199507
151 120 0.000442592
180 120 0.000257713
197 120 0.000100188
122 121 0.000155215
130 121 0.000102844
136 121 0.000398939
158 121 0.000030253
167 121 0.000230906
206 121 0.000081844
121 122 0.000361237
149 122 0.000638763
127 123 0.000173122
140 123 0.000322982
162 123 0.000253762
176 123 0.000250134
116 124 0.000006565
131 124 0.000249955
141 124 0.000117505
156 124 0.000404108
168 124 0.000221868
153 125 0.000521578
162 125 0.000433052
202 125 0.000045370
150 126 0.000451751
178 126 0.000548249
144 127 0.000135170
157 127 0.000864830
150 128 0.001000000
144 129 0.000415324
168 129 0.000584676
151 130 0.000505700
158 130 0.000494300
118 131 0.000122031
147 131 0.000333445
163 131 0.000372664
198 131 0.000171860
159 132 0.000659504
177 132 0.000079765
200 132 0.000260731
171 133 0.001000000
146 134 0.000185748
160 134 0.000362850
179 134 0.000281573
201 134 0.000169829
144 135 0.000611780
168 135 0.000388220
147 136 0.000114504
163 136 0.000462482
186 136 0.000423015
154 137 0.001000000
165 138 0.000421581
174 138 0.000473623
177 138 0.000104796
123 139 0.000118156
132 139 0.000133594
161 139 0.000497902
172 139 0.000230535
201 139 0.000019814
130 140 0.000406272
166 140 0.000094919
203 140 0.000498809
135 141 0.000246372
177 141 0.000432008
205 141 0.000134296
210 141 0.000187325
148 142 0.000574345
204 142 0.000425655
147 143 0.000352881
181 143 0.000647119
160 144 0.000124778
175 144 0.000704959
215 144 0.000170262
149 145 0.000304068
183 145 0.000695932
139 146 0.000126619
170 146 0.000419719
178 146 0.000172429
199 146 0.000281233
151 147 0.000228468
180 147 0.000521649
212 147 0.000249883
182 148 0.000781700
189 148 0.000218300
153 149 0.000341216
172 149 0.000567997
193 149 0.000090787
152 150 0.000125999
183 150 0.000432281
192 150 0.000441720
129 151 0.000208811
136 151 0.000026455
167 151 0.000486788
231 151 0.000277947
159 152 0.000255052
184 152 0.000130043
200 152 0.000614905
143 153 0.000137013
160 153 0.000249254
175 153 0.000178765
184 153 0.000434968
122 154 0.000015581
154 154 0.000153926
194 154 0.000335516
196 154 0.000303709
221 154 0.000191267
140 155 0.000152335
162 155 0.000847665
168 156 0.000236922
189 156 0.000497766
214 156 0.000145668
216 156 0.000119645
145 157 0.000103763
159 157 0.000104137
177 157 0.000351746
187 157 0.000292279
223 157 0.000148074
164 158 0.000372759
195 158 0.000627241
206 159 0.001000000
177 160 0.000320299
200 160 0.000679701
189 161 0.000421456
190 161 0.000578544
178 162 0.000453333
185 162 0.000170277
211 162 0.000376390
204 163 0.000285077
211 163 0.000679365
246 163 0.000035558
161 164 0.000289956
193 164 0.000710044
151 165 0.000267607
166 165 0.000732393
209 166 0.000203117
213 166 0.000414132
227 166 0.000382751
186 167 0.000710538
228 167 0.000289462
202 168 0.001000000
174 169 0.000118238
192 169 0.000354213
205 169 0.000328684
210 169 0.000056098
223 169 0.000002283
240 169 0.000140485
198 170 0.000090825
209 170 0.000909175
193 171 0.001000000
176 172 0.000210220
196 172 0.000789780
174 173 0.000312764
177 173 0.000199268
210 173 0.000487968
201 174 0.000473361
218 174 0.000284706
236 174 0.000241932
182 175 0.000194348
185 175 0.000805652
191 176 0.000236698
203 176 0.000466465
231 176 0.000296837
190 177 0.000612065
214 177 0.000387935
182 178 0.000189622
204 178 0.000309522
216 178 0.000348985
246 178 0.000151871
207 179 0.000246085
227 179 0.000753915
180 180 0.000287140
212 180 0.000580547
226 180 0.000132313
184 181 0.000297507
208 181 0.000702493
181 182 0.000057259
183 182 0.000942741
159 183 0.000037660
175 183 0.000100143
200 183 0.000449710
208 183 0.000412486
180 184 0.000018506
191 184 0.000454187
226 184 0.000495967
241 184 0.000031340
199 185 0.000366002
212 185 0.000352355
235 185 0.000281643
196 186 0.000333946
221 186 0.000471057
224 186 0.000194996
190 187 0.000020501
214 187 0.000191040
222 187 0.000788459
179 188 0.000041509
215 188 0.000458476
236 188 0.000384948
269 188 0.000115066
192 189 0.000907106
275 189 0.000092894
217 190 0.000403712
221 190 0.000301841
248 190 0.000294447
193 191 0.000252591
218 191 0.000303376
230 191 0.000117094
237 191 0.000326939
177 192 0.000130868
200 192 0.000046016
223 192 0.000519979
244 192 0.000303138
200 193 0.000275488
234 193 0.000443787
242 193 0.000109437
263 193 0.000171288
214 194 0.000559162
216 194 0.000062405
222 194 0.000378433
202 195 0.001000000
221 196 0.000027854
241 196 0.000717218
270 196 0.000254928
139 197 0.000002265
199 197 0.000227565
212 197 0.000066996
235 197 0.000387546
249 197 0.000228843
277 197 0.000086785
233 198 0.000620766
268 198 0.000379234
211 199 0.000521592
246 199 0.000065084
252 199 0.000364193
277 199 0.000049131
213 200 0.000537529
239 200 0.000462471
192 201 0.000119259
205 201 0.000334588
240 201 0.000546153
212 202 0.000163150
226 202 0.000234128
238 202 0.000414001
272 202 0.000188721
213 203 0.000304661
227 203 0.000695339
171 204 0.000020646
207 204 0.000178807
209 204 0.000195177
243 204 0.000358637
255 204 0.000129530
258 204 0.000117203
188 205 0.000213091
230 205 0.000165227
248 205 0.000578315
295 205 0.000043368
218 206 0.000250686
236 206 0.000211325
237 206 0.000105193
253 206 0.000282308
271 206 0.000067208
281 206 0.000083279
214 207 0.000342646
229 207 0.000141048
254 207 0.000516306
204 208 0.000150894
216 208 0.000066725
219 208 0.000331683
246 208 0.000297370
280 208 0.000153328
196 209 0.000089887
206 209 0.000091740
224 209 0.000321616
251 209 0.000286620
270 209 0.000210137
231 210 0.000692110
274 210 0.000307890
193 211 0.000234178
271 211 0.000682719
296 211 0.000083103
216 212 0.000259865
219 212 0.000116812
246 212 0.000443440
252 212 0.000090068
280 212 0.000089816
240 213 0.000379988
244 213 0.000620012
208 214 0.000275113
247 214 0.000305510
263 214 0.000211618
282 214 0.000207760
201 215 0.000024526
247 215 0.000660185
253 215 0.000013864
282 215 0.000301425
217 216 0.000077536
251 216 0.000335741
267 216 0.000395100
270 216 0.000058366
294 216 0.000076366
308 216 0.000056891
220 217 0.000387826
243 217 0.000277038
286 217 0.000223309
297 217 0.000111827
226 218 0.000291349
261 218 0.000239205
264 218 0.000337958
272 218 0.000131489
245 219 0.000551304
249 219 0.000055784
278 219 0.000317058
311 219 0.000029686
313 219 0.000046168
205 220 0.000050951
225 220 0.000379809
260 220 0.000464271
297 220 0.000104969
215 221 0.000287491
236 221 0.000712509
216 222 0.000335210
246 222 0.000282014
284 222 0.000215112
285 222 0.000167663
227 223 0.000269488
258 223 0.000402834
273 223 0.000137239
283 223 0.000190438
228 224 0.000536037
239 224 0.000463963
204 225 0.000001358
250 225 0.000376866
254 225 0.000154886
256 225 0.000168391
285 225 0.000237909
289 225 0.000053984
329 225 0.000006605
234 226 0.000140165
259 226 0.000489811
263 226 0.000343374
324 226 0.000026651
263 227 0.000475048
276 227 0.000319582
282 227 0.000044497
298 227 0.000160873
219 228 0.000017346
235 228 0.000419618
277 228 0.000563036
257 229 0.001000000
266 230 0.000672607
295 230 0.000327393
270 231 0.000337317
274 231 0.000533268
305 231 0.000129415
217 232 0.000241313
251 232 0.000135219
267 232 0.000623467
211 233 0.000090124
249 233 0.000540010
277 233 0.000256618
311 233 0.000113249
253 234 0.000370812
271 234 0.000440405
281 234 0.000168224
334 234 0.000020559
230 235 0.000191005
232 235 0.000095040
262 235 0.000468109
271 235 0.000245845
231 236 0.000013699
272 236 0.000583880
278 236 0.000275585
303 236 0.000126836
233 237 0.000086262
254 237 0.000344120
285 237 0.000282758
289 237 0.000286859
213 238 0.000129743
258 238 0.000538914
318 238 0.000331343
255 239 0.000224832
260 239 0.000034652
283 239 0.000366704
286 239 0.000373812
240 240 0.000296531
275 240 0.000564846
316 240 0.000138622
249 241 0.000124766
280 241 0.000424130
284 241 0.000140899
287 241 0.000231560
321 241 0.000036308
325 241 0.000042336
241 242 0.000240416
270 242 0.000759584
279 243 0.000940184
310 243 0.000059816
221 244 0.000055161
251 244 0.000294667
267 244 0.000297391
294 244 0.000352781
219 245 0.000033085
246 245 0.000280422
284 245 0.000520242
321 245 0.000166250
247 246 0.000166956
276 246 0.000389059
282 246 0.000425699
348 246 0.000018286
281 247 0.000620574
296 247 0.000306325
328 247 0.000073101
260 248 0.001000000
226 249 0.000065329
261 249 0.000557259
264 249 0.000317802
272 249 0.000059610
247 250 0.000154422
269 250 0.000321209
282 250 0.000247570
306 250 0.000276799
258 251 0.000257044
273 251 0.000204803
283 251 0.000251451
304 251 0.000286703
311 252 0.001000000
246 253 0.000069342
284 253 0.000285160
291 253 0.000476777
326 253 0.000168721
265 254 0.000209485
288 254 0.000334238
299 254 0.000348436
333 254 0.000107841
254 255 0.000199256
268 255 0.000289626
289 255 0.000468058
320 255 0.000043060
220 256 0.000022319
255 256 0.000191145
286 256 0.000302909
297 256 0.000252506
323 256 0.000158196
335 256 0.000072925
226 257 0.000053641
264 257 0.000412039
278 257 0.000061309
303 257 0.000473011
293 258 0.000464062
307 258 0.000535938
277 259 0.000428312
287 259 0.000152361
311 259 0.000419327
276 260 0.000333490
292 260 0.000033785
298 260 0.000268704
312 260 0.000364021
262 261 0.000172383
295 261 0.000183850
302 261 0.000474053
334 261 0.000169715
267 262 0.000317894
293 262 0.000393278
294 262 0.000194750
307 262 0.000094077
279 263 0.000058509
292 263 0.000376747
298 263 0.000564745
274 264 0.000266514
300 264 0.000271029
303 264 0.000049771
305 264 0.000264179
331 264 0.000148506
287 265 0.000407732
311 265 0.000296193
325 265 0.000296075
250 266 0.000081705
285 266 0.000312286
291 266 0.000193857
320 266 0.000276198
326 266 0.000135954
283 267 0.001000000
262 268 0.000178311
302 268 0.000221037
307 268 0.000305371
330 268 0.000295281
299 269 0.001000000
260 270 0.000189817
310 270 0.000810183
292 271 0.000175328
297 271 0.000017258
310 271 0.000162823
316 271 0.000384776
324 271 0.000169739
350 271 0.000090077
296 272 0.001000000
269 273 0.000956893
302 273 0.000043107
306 274 0.000301115
312 274 0.000191386
315 274 0.000507498
314 275 0.001000000
338 276 0.000695678
342 276 0.000304322
303 277 0.000110704
309 277 0.000447672
341 277 0.000227434
347 277 0.000214189
258 278 0.000102517
288 278 0.000176343
304 278 0.000721139
287 279 0.000083806
314 279 0.000727277
351 279 0.000188917
322 280 0.000345156
329 280 0.000654844
301 281 0.000499500
322 281 0.000500500
300 282 0.000563653
342 282 0.000436347
292 283 0.001000000
264 284 0.000054316
303 284 0.000339411
305 284 0.000520095
365 284 0.000086178
293 285 0.000345178
308 285 0.000320044
338 285 0.000186356
346 285 0.000148422
291 286 0.000303310
321 286 0.000497879
349 286 0.000198811
297 287 0.000255021
310 287 0.000154246
317 287 0.000031530
323 287 0.000210386
335 287 0.000348817
295 288 0.000114048
296 288 0.000091014
328 288 0.000144058
330 288 0.000243476
334 288 0.000363805
362 288 0.000043598
303 289 0.001000000
311 290 0.000208096
313 290 0.000421407
341 290 0.000062652
347 290 0.000307846
260 291 0.000006698
283 291 0.000053396
317 291 0.000214378
323 291 0.000367139
335 291 0.000173355
358 291 0.000185034
315 292 0.000407997
337 292 0.000165482
348 292 0.000426521
258 293 0.000021978
317 293 0.000410124
323 293 0.000111548
332 293 0.000456349
325 294 0.000331357
345 294 0.000433546
361 294 0.000235097
248 295 0.000002498
307 295 0.000314964
330 295 0.000244608
346 295 0.000437929
315 296 0.000034300
337 296 0.000525710
340 296 0.000439989
285 297 0.000076833
320 297 0.000314200
326 297 0.000392458
360 297 0.000216509
316 298 0.000247300
343 298 0.000368929
350 298 0.000285375
379 298 0.000098396
318 299 0.000353399
363 299 0.000357379
375 299 0.000289223
296 300 0.000135632
319 300 0.000492721
328 300 0.000371647
241 301 0.000001400
300 301 0.000160196
331 301 0.000328061
342 301 0.000346124
365 301 0.000164219
306 302 0.000557641
374 302 0.000414103
392 302 0.000028256
338 303 0.000537784
366 303 0.000287798
368 303 0.000174418
318 304 0.000235607
332 304 0.000176437
333 304 0.000097413
353 304 0.000271446
363 304 0.000180073
397 304 0.000039023
314 305 0.000172361
325 305 0.000406992
345 305 0.000124163
351 305 0.000296484
282 306 0.000037402
315 306 0.000249070
344 306 0.000237682
348 306 0.000306535
374 306 0.000169310
302 307 0.000087795
319 307 0.000076479
328 307 0.000343165
334 307 0.000288706
369 307 0.000203855
330 308 0.000594548
367 308 0.000405452
329 309 0.000534445
364 309 0.000465555
324 310 0.000330017
350 310 0.000530778
390 310 0.000139205
322 311 0.000068311
329 311 0.000369321
360 311 0.000448929
394 311 0.000113439
313 312 0.000128936
341 312 0.000448594
347 312 0.000422470
314 313 0.000341691
325 313 0.000193312
349 313 0.000403714
396 313 0.000061283
372 314 0.001000000
327 315 0.000549042
342 315 0.000450958
331 316 0.000246078
339 316 0.000239284
342 316 0.000075373
365 316 0.000259213
381 316 0.000180053
316 317 0.000083419
379 317 0.000716429
387 317 0.000200152
336 318 0.000342653
338 318 0.000120147
346 318 0.000203796
366 318 0.000183960
383 318 0.000103660
412 318 0.000045783
349 319 0.000823057
386 319 0.000176943
353 320 0.000081481
357 320 0.000760492
385 320 0.000158027
370 321 0.000532952
381 321 0.000467048
358 322 0.000373198
371 322 0.000464848
400 322 0.000161954
290 323 0.000007401
322 323 0.000176352
356 323 0.000492591
378 323 0.000323656
318 324 0.000057063
332 324 0.000279822
353 324 0.000352748
357 324 0.000310367
347 325 0.000333043
361 325 0.000041541
377 325 0.000312896
382 325 0.000312521
320 326 0.000090502
359 326 0.000667391
384 326 0.000242106
345 327 0.000538126
361 327 0.000461874
337 328 0.001000000
344 329 0.000158819
354 329 0.000468420
389 329 0.000315629
423 329 0.000057132
333 330 0.000160351
353 330 0.000319056
363 330 0.000520592
307 331 0.000054557
367 331 0.000730142
415 331 0.000215301
331 332 0.000165819
368 332 0.000228171
380 332 0.000606010
330 334 0.000097791
334 334 0.000188752
367 334 0.000288310
369 334 0.000425147
343 335 0.000140926
350 335 0.000281980
352 335 0.000122026
379 335 0.000164850
387 335 0.000290219
319 336 0.000041843
362 336 0.000472260
369 336 0.000280544
399 336 0.000205353
320 337 0.000081276
359 337 0.000231145
393 337 0.000259783
394 337 0.000427796
344 338 0.000218868
354 338 0.000156784
374 338 0.000443931
413 338 0.000180417
376 339 0.001000000
351 340 0.000188567
361 340 0.000444546
396 340 0.000366887
364 341 0.000485757
395 341 0.000216179
404 341 0.000298064
387 342 0.000294007
390 342 0.000705993
372 343 0.000618220
401 343 0.000381780
380 344 0.001000000
355 345 0.000138117
363 345 0.000234463
375 345 0.000374241
407 345 0.000253180
349 346 0.000142529
351 346 0.000347911
386 346 0.000509560
376 347 0.000305423
383 347 0.000297703
402 347 0.000050264
412 347 0.000177913
415 347 0.000168696
381 348 0.000457205
406 348 0.000542795
343 349 0.000151930
379 349 0.000526692
387 349 0.000211583
424 349 0.000109795
370 350 0.000282028
381 350 0.000078164
382 350 0.000259617
408 350 0.000226152
419 350 0.000154039
385 351 0.000090218
391 351 0.000453335
400 351 0.000286985
425 351 0.000169462
408 352 0.000757238
419 352 0.000111016
449 352 0.000131746
360 353 0.000005912
384 353 0.000457707
386 353 0.000283675
420 353 0.000252706
357 354 0.000214760
385 354 0.000353230
391 354 0.000289200
425 354 0.000142811
331 356 0.000015603
368 356 0.000372796
380 356 0.000440641
441 356 0.000170960
360 357 0.000071141
384 357 0.000183508
393 357 0.000391607
420 357 0.000190007
429 357 0.000163737
377 358 0.000368467
382 358 0.000631533
356 359 0.000158067
395 359 0.000445776
409 359 0.000189923
432 359 0.000206235
371 360 0.000324269
391 360 0.000163297
400 360 0.000512434
377 361 0.000480510
416 361 0.000519490
383 362 0.000311023
405 362 0.000500030
442 362 0.000188947
373 363 0.000198951
388 363 0.000280412
413 363 0.000072810
417 363 0.000026828
421 363 0.000290226
433 363 0.000130773
427 364 0.000840506
452 364 0.000159494
359 365 0.000035064
394 365 0.000367369
404 365 0.000255792
428 365 0.000249427
444 365 0.000092348
399 366 0.000596091
405 366 0.000106356
437 366 0.000297553
387 367 0.000318786
390 367 0.000339312
426 367 0.000341901
373 368 0.000205223
401 368 0.000507601
421 368 0.000287176
421 369 0.001000000
348 370 0.000014385
374 370 0.000241909
389 370 0.000504396
452 370 0.000239310
424 371 0.001000000
399 372 0.000511898
405 372 0.000488102
376 373 0.000150658
402 373 0.000286981
410 373 0.000067048
412 373 0.000344955
451 373 0.000150357
397 374 0.000319825
407 374 0.000392044
425 374 0.000001625
430 374 0.000054914
436 374 0.000231591
368 375 0.000032177
406 375 0.000642178
447 375 0.000317750
449 375 0.000007894
386 376 0.000069695
398 376 0.000366401
431 376 0.000239974
438 376 0.000323930
367 377 0.000057709
412 377 0.000384600
415 377 0.000557691
390 378 0.000315682
417 378 0.000543884
446 378 0.000140434
449 379 0.000725518
455 379 0.000274482
386 380 0.000350446
396 380 0.000425987
459 380 0.000102351
467 380 0.000119774
484 380 0.000001442
412 381 0.000304237
445 381 0.000695763
364 382 0.000156092
404 382 0.000753887
472 382 0.000090021
384 383 0.000410922
438 383 0.000030606
459 383 0.000558472
381 384 0.000126599
414 384 0.000484649
455 384 0.000341936
482 384 0.000046816
385 385 0.000047456
391 385 0.000268436
425 385 0.000484449
460 385 0.000199659
363 386 0.000014949
418 386 0.000340303
425 386 0.000086473
436 386 0.000275844
456 386 0.000282431
385 387 0.000137171
418 387 0.000401186
425 387 0.000389953
434 387 0.000003355
436 387 0.000068335
410 388 0.000392534
441 388 0.000482327
475 388 0.000125139
379 389 0.000065058
387 389 0.000052883
400 389 0.000136795
411 389 0.000328746
448 389 0.000311589
462 389 0.000104929
432 390 0.000338236
435 390 0.000349654
439 390 0.000079055
466 390 0.000194989
478 390 0.000038067
370 391 0.000040813
408 391 0.000266616
419 391 0.000630056
483 391 0.000062515
420 392 0.000415795
422 392 0.000133086
458 392 0.000303503
459 392 0.000145794
526 392 0.000001822
428 393 0.000439842
429 393 0.000430615
458 393 0.000129543
446 394 0.000676331
489 394 0.000145865
493 394 0.000177804
382 395 0.000035075
398 395 0.000170152
416 395 0.000354635
453 395 0.000440138
423 396 0.000356238
433 396 0.000132158
452 396 0.000479144
461 396 0.000032460
424 397 0.000029064
425 397 0.000177026
440 397 0.000480630
448 397 0.000313280
437 398 0.000140997
442 398 0.000533968
454 398 0.000325036
399 399 0.000236705
437 399 0.000541973
477 399 0.000221321
324 400 0.000000084
390 400 0.000121905
426 400 0.000452523
450 400 0.000425489
403 401 0.000145701
441 401 0.000351270
447 401 0.000364438
455 401 0.000099560
480 401 0.000039031
423 402 0.000374802
427 402 0.000410592
452 402 0.000181345
494 402 0.000033261
388 403 0.000010524
421 403 0.000225538
450 403 0.000763938
418 404 0.000096248
434 404 0.000193356
436 404 0.000394229
456 404 0.000224737
465 404 0.000084144
491 404 0.000007284
421 405 0.000101320
433 405 0.000326712
452 405 0.000190239
464 405 0.000291279
489 405 0.000008813
493 405 0.000081637
395 406 0.000092543
409 406 0.000053010
432 406 0.000359559
444 406 0.000253579
472 406 0.000241309
411 407 0.000104616
424 407 0.000429704
462 407 0.000465679
437 408 0.000543589
442 408 0.000456411
415 409 0.000150015
443 409 0.000241178
451 409 0.000588946
524 409 0.000019861
449 410 0.001000000
438 411 0.000436952
453 411 0.000223502
459 411 0.000016103
471 411 0.000323443
428 412 0.000261218
444 412 0.000279375
469 412 0.000173704
470 412 0.000285703
441 413 0.000021309
443 413 0.000487234
445 413 0.000206840
451 413 0.000284617
422 414 0.000159122
431 414 0.000350189
459 414 0.000151665
467 414 0.000339024
434 415 0.000514151
476 415 0.000424332
488 415 0.000061517
410 416 0.000157079
443 416 0.000337359
480 416 0.000473025
515 416 0.000032536
421 417 0.000147746
433 417 0.000085652
446 417 0.000338964
450 417 0.000060406
463 417 0.000327764
464 417 0.000039468
415 418 0.000179459
437 418 0.000013834
442 418 0.000202501
454 418 0.000532055
512 418 0.000072150
431 419 0.000115994
458 419 0.000128861
459 419 0.000353801
467 419 0.000229232
495 419 0.000158783
530 419 0.000013329
416 420 0.000063125
453 420 0.000141842
457 420 0.000480061
490 420 0.000278304
523 420 0.000036668
462 421 0.000382389
481 421 0.000356252
499 421 0.000193106
503 421 0.000068254
447 422 0.000447964
449 422 0.000105881
475 422 0.000114562
487 422 0.000331594
420 423 0.000139856
458 423 0.000490102
469 423 0.000140698
495 423 0.000201666
505 423 0.000027677
420 424 0.001000000
418 425 0.000315750
448 425 0.000310738
488 425 0.000373512
456 426 0.000508843
460 426 0.000447528
506 426 0.000043630
441 427 0.000282350
475 427 0.000493314
482 427 0.000224336
440 428 0.000216021
460 428 0.000072572
473 428 0.000385513
481 428 0.000325895
444 429 0.000202699
470 429 0.000237110
472 429 0.000303361
501 429 0.000178845
518 429 0.000077985
450 430 0.000254357
468 430 0.000189187
479 430 0.000339794
500 430 0.000216662
453 431 0.000442653
484 431 0.000557347
494 432 0.000758120
522 432 0.000241880
494 433 0.000038060
504 433 0.000845526
509 433 0.000116415
471 434 0.000672607
508 434 0.000327393
421 435 0.000072761
463 435 0.000497496
493 435 0.000429743
433 436 0.000123640
463 436 0.000119125
464 436 0.000435359
494 436 0.000321877
442 437 0.000159424
474 437 0.000377499
477 437 0.000136179
485 437 0.000179966
512 437 0.000146932
435 438 0.000120110
444 438 0.000042590
466 438 0.000383144
470 438 0.000027211
502 438 0.000320926
518 438 0.000106018
434 439 0.000057481
436 439 0.000153463
465 439 0.000076666
476 439 0.000380946
488 439 0.000331444
468 440 0.000609836
500 440 0.000299823
532 440 0.000090341
461 441 0.000347109
496 441 0.000469862
522 441 0.000183028
443 442 0.000161514
486 442 0.000585808
515 442 0.000240662
553 442 0.000012015
483 443 0.000352423
487 443 0.000476102
523 443 0.000171474
489 444 0.000692961
520 444 0.000307039
405 445 0.000009921
442 445 0.000128793
474 445 0.000367752
509 445 0.000414474
512 445 0.000079060
469 446 0.000190305
470 446 0.000266301
492 446 0.000045724
501 446 0.000226473
505 446 0.000211754
536 446 0.000059443
475 447 0.000278017
482 447 0.000518886
487 447 0.000203097
497 448 0.000512797
508 448 0.000487203
483 449 0.000457278
487 449 0.000120601
490 449 0.000422121
485 450 0.000367866
486 450 0.000239109
512 450 0.000202131
524 450 0.000190894
459 451 0.000243271
467 451 0.000265118
497 451 0.000417455
508 451 0.000074156
448 452 0.000234262
462 452 0.000765738
480 453 0.000372871
513 453 0.000342145
515 453 0.000284984
475 454 0.000286621
480 454 0.000350360
482 454 0.000076628
510 454 0.000286392
492 455 0.000475520
495 455 0.000524480
460 456 0.000153226
488 456 0.000212281
491 456 0.000363549
519 456 0.000270944
469 457 0.000260897
492 457 0.000362900
505 457 0.000376202
465 458 0.000118514
476 458 0.000203696
498 458 0.000220573
506 458 0.000267690
529 458 0.000165311
549 458 0.000024216
469 459 0.000007275
470 459 0.000076068
472 459 0.000204471
501 459 0.000206526
502 459 0.000161940
518 459 0.000269247
536 459 0.000074472
460 460 0.000090320
473 460 0.000239788
506 460 0.000000945
511 460 0.000211232
514 460 0.000366851
519 460 0.000090863
481 461 0.000561192
499 461 0.000438808
468 462 0.000138142
500 462 0.000429697
520 462 0.000204768
532 462 0.000227393
483 463 0.000099785
517 463 0.000352771
527 463 0.000437825
561 463 0.000109620
484 464 0.000311117
517 464 0.000454215
546 464 0.000234668
436 465 0.000015594
460 465 0.000026187
488 465 0.000340247
506 465 0.000325470
519 465 0.000292502
493 466 0.000133490
521 466 0.000375714
537 466 0.000490796
446 467 0.000023978
489 467 0.000280320
493 467 0.000309677
521 467 0.000178525
544 467 0.000207500
477 468 0.000167886
496 468 0.000256745
535 468 0.000305419
538 468 0.000234460
570 468 0.000035491
464 469 0.000128330
493 469 0.000367456
521 469 0.000504215
482 470 0.000212961
516 470 0.000446710
525 470 0.000340328
468 471 0.000166290
503 471 0.000643764
534 471 0.000131123
569 471 0.000058823
509 472 0.000280111
512 472 0.000532501
524 472 0.000187389
486 473 0.000163799
513 473 0.000177655
515 473 0.000430541
524 473 0.000182407
560 473 0.000045597
510 474 0.000582246
525 474 0.000417754
496 475 0.000456113
537 475 0.000124355
538 475 0.000419532
523 476 0.000454180
527 476 0.000142607
548 476 0.000221782
554 476 0.000130803
577 476 0.000050627
493 477 0.001000000
504 478 0.000167250
509 478 0.000559526
535 478 0.000273224
526 479 0.000047209
536 479 0.000952791
530 480 0.000756355
565 480 0.000243645
507 481 0.000148794
531 481 0.000556777
556 481 0.000120129
567 481 0.000073476
576 481 0.000100823
515 482 0.000214332
524 482 0.000454468
543 482 0.000142242
558 482 0.000188958
508 483 0.000937262
528 483 0.000062738
492 484 0.000238462
526 484 0.000525637
540 484 0.000235901
510 485 0.000426340
545 485 0.000573660
501 486 0.000189308
526 486 0.000253909
540 486 0.000556783
498 487 0.000080492
506 487 0.000216709
529 487 0.000239597
533 487 0.000168571
549 487 0.000051365
555 487 0.000243266
473 488 0.000055483
511 488 0.000449651
550 488 0.000436188
591 488 0.000058678
488 489 0.000101557
491 489 0.000139577
506 489 0.000055181
519 489 0.000440459
564 489 0.000263227
499 490 0.001000000
497 491 0.000108234
528 491 0.000623093
565 491 0.000268673
503 492 0.000179832
532 492 0.000563644
569 492 0.000256524
514 493 0.000267215
541 493 0.000348227
550 493 0.000212737
571 493 0.000171821
484 494 0.000095661
527 494 0.000315074
546 494 0.000455778
581 494 0.000133487
523 495 0.000257139
527 495 0.000342961
548 495 0.000399901
544 496 0.000571585
551 496 0.000260138
586 496 0.000168277
535 497 0.000583324
570 497 0.000117348
573 497 0.000299329
510 498 0.000267763
559 498 0.000732237
521 499 0.000082857
522 499 0.000187375
537 499 0.000279755
538 499 0.000073429
563 499 0.000237440
566 499 0.000139145
543 500 0.000546267
560 500 0.000453733
516 501 0.000322171
554 501 0.000522321
580 501 0.000034643
590 501 0.000120866
518 502 0.000430846
552 502 0.000569154
520 503 0.000241612
544 503 0.000210467
551 503 0.000547921
520 504 0.000210502
532 504 0.000207658
557 504 0.000408910
574 504 0.000009776
584 504 0.000163154
535 505 0.000278323
538 505 0.000399088
570 505 0.000322590
544 506 0.000362597
566 506 0.000520553
592 506 0.000116850
480 507 0.000015380
553 507 0.000595521
558 507 0.000389100
533 508 0.000292302
555 508 0.000252999
564 508 0.000238934
583 508 0.000215764
534 509 0.000108957
539 509 0.000360018
569 509 0.000236738
574 509 0.000294287
509 510 0.000200400
585 510 0.000453918
587 510 0.000345681
510 511 0.001000000
506 512 0.000045971
529 512 0.000279334
549 512 0.000293069
575 512 0.000323115
583 512 0.000058511
470 513 0.000002143
540 513 0.000467316
562 513 0.000182401
582 513 0.000348140
546 514 0.000567191
581 514 0.000432809
542 515 0.000253374
565 515 0.000346980
579 515 0.000252565
581 515 0.000044437
604 515 0.000102644
563 516 0.000761485
566 516 0.000121714
573 516 0.000116801
543 517 0.000133403
558 517 0.000866597
536 518 0.000519590
567 518 0.000480410
517 519 0.000193325
527 519 0.000421395
548 519 0.000385280
548 520 0.000298037
554 520 0.000183537
577 520 0.000310076
580 520 0.000208350
534 521 0.000147331
541 521 0.000125146
550 521 0.000424234
591 521 0.000303288
564 522 0.000913220
619 522 0.000086780
526 523 0.000138270
528 523 0.000126420
562 523 0.000453054
594 523 0.000282255
499 524 0.000140842
591 524 0.000838854
647 524 0.000020304
562 525 0.000351138
594 525 0.000350717
604 525 0.000298145
551 526 0.000312684
586 526 0.000687316
573 527 0.000385945
587 527 0.000449482
621 527 0.000123927
622 527 0.000040646
532 528 0.000088421
584 528 0.000726404
626 528 0.000185176
553 529 0.000281521
578 529 0.000341794
589 529 0.000376685
565 530 0.000187690
579 530 0.000603046
614 530 0.000209263
555 531 0.000480210
575 531 0.000519790
569 532 0.000845848
633 532 0.000154152
554 533 0.000396230
590 533 0.000603770
567 534 0.000404285
576 534 0.000191430
600 534 0.000404285
547 535 0.000023727
560 535 0.000444178
596 535 0.000506247
627 535 0.000025848
571 536 0.000455947
591 536 0.000260337
595 536 0.000283717
559 537 0.000325809
578 537 0.000246537
597 537 0.000427653
563 538 0.000270548
592 538 0.000434957
612 538 0.000140450
630 538 0.000154046
570 539 0.000424239
573 539 0.000472434
621 539 0.000103327
517 540 0.000021826
561 540 0.000230969
599 540 0.000380042
613 540 0.000033552
614 540 0.000112110
632 540 0.000099234
634 540 0.000113146
655 540 0.000009122
547 541 0.000087114
585 541 0.000428556
596 541 0.000268170
622 541 0.000216160
568 542 0.000366719
582 542 0.000372783
602 542 0.000260498
539 543 0.000189885
574 543 0.000751158
648 543 0.000058957
564 544 0.000220423
583 544 0.000269333
595 544 0.000201694
598 544 0.000001023
608 544 0.000281111
619 544 0.000026415
566 545 0.000286553
586 545 0.000384492
612 545 0.000328955
577 546 0.000166455
580 546 0.000534818
599 546 0.000298726
551 547 0.000251618
588 547 0.000748382
570 548 0.000410960
603 548 0.000589040
593 549 0.000519987
596 549 0.000134640
627 549 0.000286404
650 549 0.000058969
554 550 0.000147925
580 550 0.000299437
611 550 0.000552638
552 551 0.000027352
567 551 0.000197868
568 551 0.000155773
602 551 0.000325578
615 551 0.000095164
623 551 0.000198264
579 552 0.000578543
614 552 0.000246784
637 552 0.000174673
600 553 0.000998320
700 553 0.000001680
572 554 0.000213827
591 554 0.000396695
609 554 0.000147757
619 554 0.000147993
645 554 0.000003027
647 554 0.000090701
582 555 0.000394738
602 555 0.000045269
604 555 0.000073598
616 555 0.000486395
587 556 0.000453690
610 556 0.000122954
621 556 0.000423356
578 557 0.000610639
589 557 0.000389361
530 558 0.000003253
581 558 0.000347220
599 558 0.000155021
614 558 0.000494506
562 559 0.000138689
604 559 0.000406927
637 559 0.000359615
649 559 0.000094768
584 560 0.000205815
601 560 0.000386905
607 560 0.000105233
633 560 0.000302046
608 561 0.001000000
574 562 0.001000000
583 563 0.000203980
605 563 0.000379032
608 563 0.000134615
625 563 0.000167339
654 563 0.000115033
577 564 0.000171891
590 564 0.000398163
611 564 0.000429946
593 565 0.000508599
596 565 0.000491401
554 566 0.000015675
617 566 0.000126278
631 566 0.000488277
636 566 0.000369770
569 567 0.000249904
607 567 0.000700838
685 567 0.000049258
566 568 0.000032806
586 568 0.000228928
620 568 0.000450973
626 568 0.000087655
630 568 0.000031798
652 568 0.000167840
563 569 0.000077587
603 569 0.000263855
612 569 0.000162943
630 569 0.000495615
610 570 0.000496100
621 570 0.000503900
617 571 0.000369312
627 571 0.000499517
629 571 0.000033143
650 571 0.000098027
623 572 0.001000000
599 573 0.000230779
613 573 0.000187440
632 573 0.000372211
634 573 0.000209570
626 574 0.000698970
661 574 0.000301030
612 575 0.000823703
620 575 0.000148741
680 575 0.000027556
585 576 0.000172171
622 576 0.000442344
660 576 0.000144270
662 576 0.000241215
638 577 0.000543391
646 577 0.000456609
609 578 0.000047583
619 578 0.000547668
647 578 0.000404750
608 579 0.000476817
635 579 0.000523183
567 580 0.000019797
602 580 0.000206259
615 580 0.000238491
623 580 0.000123610
640 580 0.000253948
658 580 0.000157895
632 581 0.000379797
634 581 0.000046397
651 581 0.000490603
667 581 0.000030025
693 581 0.000053178
615 582 0.000306833
616 582 0.000216221
649 582 0.000226853
658 582 0.000206088
673 582 0.000044005
574 583 0.000126199
633 583 0.000147859
645 583 0.000543843
670 583 0.000053041
681 583 0.000129058
581 584 0.000161759
634 584 0.000838241
614 585 0.000275778
618 585 0.000429747
655 585 0.000294475
579 586 0.000028657
604 586 0.000238458
637 586 0.000374276
653 586 0.000264488
673 586 0.000093934
732 586 0.000000186
606 587 0.000116645
624 587 0.000391012
643 587 0.000366185
677 587 0.000126158
621 588 0.000268929
622 588 0.000282943
656 588 0.000161426
660 588 0.000286703
597 589 0.000125703
617 589 0.000294806
631 589 0.000156260
636 589 0.000423231
627 590 0.000288084
650 590 0.000356257
657 590 0.000082011
665 590 0.000202523
686 590 0.000071126
609 591 0.000232618
648 591 0.000404641
674 591 0.000319577
696 591 0.000043164
577 592 0.000029891
613 592 0.000113337
631 592 0.000165598
641 592 0.000435791
651 592 0.000255383
669 593 0.001000000
637 594 0.000426536
649 594 0.000573464
620 595 0.000227186
626 595 0.000173985
652 595 0.000345630
661 595 0.000175523
691 595 0.000077678
598 596 0.000024552
605 596 0.000151530
625 596 0.000235848
639 596 0.000009322
654 596 0.000431637
678 596 0.000147111
642 597 0.000665077
659 597 0.000334923
621 598 0.000257080
646 598 0.000742920
601 599 0.000129341
626 599 0.000330184
633 599 0.000540476
638 600 0.000646845
675 600 0.000353155
657 601 0.000984321
728 601 0.000015679
615 602 0.000058487
640 602 0.000394336
671 602 0.000366062
677 602 0.000050481
688 602 0.000130634
655 603 0.000462566
667 603 0.000170646
684 603 0.000233969
694 603 0.000105804
712 603 0.000027015
641 604 0.000653305
672 604 0.000346695
622 605 0.000170795
662 605 0.000829205
670 606 0.000645931
681 606 0.000354069
630 607 0.000176818
642 607 0.000085381
659 607 0.000326987
668 607 0.000241560
675 607 0.000036683
682 607 0.000132571
679 608 0.001000000
595 609 0.000013735
619 609 0.000140207
628 609 0.000068657
647 609 0.000278528
669 609 0.000295397
690 609 0.000064220
696 609 0.000139257
613 610 0.000105068
651 610 0.000266937
663 610 0.000313378
683 610 0.000070458
693 610 0.000173645
704 610 0.000070514
645 611 0.000198852
648 611 0.000384737
681 611 0.000305564
706 611 0.000110848
634 612 0.000636836
684 612 0.000355282
746 612 0.000007881
658 613 0.000657641
688 613 0.000342359
621 614 0.000140861
656 614 0.000402372
660 614 0.000238836
692 614 0.000217931
671 615 0.000631626
699 615 0.000368374
596 616 0.000018179
660 616 0.000507693
662 616 0.000474128
673 617 0.000484005
676 617 0.000515995
661 618 0.000460569
670 618 0.000197960
691 618 0.000341471
594 619 0.000003567
634 619 0.000014466
653 619 0.000555227
676 619 0.000426741
650 620 0.000270822
665 620 0.000526084
686 620 0.000171102
736 620 0.000031991
639 621 0.000205031
664 621 0.000375389
690 621 0.000292353
709 621 0.000127226
680 622 0.001000000
632 623 0.000023477
641 623 0.000238894
651 623 0.000341866
683 623 0.000395764
636 624 0.000156791
666 624 0.000247378
672 624 0.000334727
698 624 0.000261103
638 625 0.000180034
646 625 0.000282349
675 625 0.000537617
647 626 0.000674981
669 626 0.000325019
649 627 0.000225468
673 627 0.000289391
687 627 0.000297490
708 627 0.000187650
635 628 0.000032800
644 628 0.000153368
678 628 0.000457437
701 628 0.000356395
657 629 0.000232642
665 629 0.000109147
672 629 0.000304874
698 629 0.000196272
728 629 0.000100877
736 629 0.000056188
704 630 0.001000000
612 631 0.000027403
642 631 0.000189399
680 631 0.000211930
682 631 0.000571267
699 632 0.000566307
724 632 0.000433693
661 633 0.000232172
670 633 0.000589384
691 633 0.000178444
666 634 0.000292331
683 634 0.000367486
705 634 0.000340183
709 635 0.000555174
730 635 0.000444826
660 636 0.000309452
689 636 0.000525737
726 636 0.000164811
650 637 0.000246756
665 637 0.000204957
686 637 0.000548287
668 638 0.000349888
703 638 0.000412078
711 638 0.000238034
685 639 0.000563275
706 639 0.000165301
716 639 0.000224027
741 639 0.000047397
679 640 0.000602256
709 640 0.000395552
784 640 0.000002192
660 641 0.000034429
692 641 0.000513322
718 641 0.000300336
726 641 0.000151912
655 642 0.000160933
684 642 0.000287662
694 642 0.000429141
712 642 0.000122264
677 643 0.000300011
699 643 0.000608756
700 643 0.000091233
686 644 0.000394222
697 644 0.000605778
655 645 0.000010860
663 645 0.000266630
704 645 0.000566718
729 645 0.000013844
731 645 0.000141948
651 646 0.000124006
693 646 0.000438049
720 646 0.000179384
731 646 0.000258561
642 647 0.000040454
661 647 0.000097492
680 647 0.000431027
717 647 0.000431027
647 648 0.000079414
674 648 0.000213466
696 648 0.000434882
730 648 0.000272238
670 649 0.000014618
681 649 0.000985382
658 650 0.000121259
688 650 0.000243601
713 650 0.000350139
732 650 0.000193626
744 650 0.000013091
747 650 0.000078283
627 651 0.000026360
702 651 0.000973640
690 652 0.000399424
709 652 0.000517611
751 652 0.000082965
676 653 0.000357146
694 653 0.000309744
742 653 0.000216534
744 653 0.000116576
673 654 0.000226345
708 654 0.000483022
710 654 0.000290633
685 655 0.000108096
725 655 0.000776985
755 655 0.000114918
683 656 0.000151756
698 656 0.000596736
728 656 0.000251508
726 657 0.000691256
735 657 0.000308744
684 658 0.000224319
704 658 0.000243099
712 658 0.000418162
738 658 0.000114419
680 659 0.000182298
715 659 0.000303944
717 659 0.000316602
725 659 0.000087992
757 659 0.000109163
703 660 0.001000000
682 661 0.000162440
703 661 0.000287007
715 661 0.000249313
737 661 0.000301240
672 662 0.000126843
695 662 0.000231586
705 662 0.000097764
728 662 0.000400275
739 662 0.000143531
685 663 0.000292962
691 663 0.000035390
716 663 0.000572517
759 663 0.000099131
686 664 0.000141815
695 664 0.000061888
702 664 0.000255935
727 664 0.000292635
736 664 0.000114083
760 664 0.000091152
765 664 0.000042492
699 665 0.000224476
722 665 0.000549697
753 665 0.000225827
705 666 0.000345120
720 666 0.000642581
728 666 0.000012299
709 667 0.000215055
714 667 0.000607708
766 667 0.000157921
784 667 0.000019315
713 668 0.000550653
732 668 0.000100475
747 668 0.000348872
697 669 0.000374912
735 669 0.000625088
701 670 0.000293665
734 670 0.000450176
740 670 0.000057331
751 670 0.000198828
732 671 0.000629827
744 671 0.000212607
747 671 0.000157566
667 672 0.000019231
694 672 0.000199722
729 672 0.000498961
761 672 0.000250367
790 672 0.000031719
706 673 0.000242210
730 673 0.000059514
741 673 0.000357167
759 673 0.000341110
706 674 0.000607457
748 674 0.000007066
769 674 0.000385477
711 675 0.000185828
718 675 0.000481266
752 675 0.000299591
791 675 0.000033315
671 676 0.000080221
699 676 0.000458142
722 676 0.000461637
697 677 0.000147573
721 677 0.000554419
765 677 0.000298008
694 678 0.000299589
729 678 0.000475521
773 678 0.000224890
704 679 0.000384806
731 679 0.000615194
674 680 0.000034807
730 680 0.000572391
766 680 0.000188863
769 680 0.000203939
695 682 0.000151495
728 682 0.000276042
736 682 0.000355581
762 682 0.000216882
691 683 0.000100284
717 683 0.000184197
725 683 0.000353968
755 683 0.000287495
757 683 0.000074055
709 684 0.000209849
734 684 0.000186567
740 684 0.000235471
751 684 0.000280897
784 684 0.000087216
703 685 0.000164166
711 685 0.000217561
715 685 0.000051299
743 685 0.000404753
758 685 0.000009703
777 685 0.000152517
731 686 0.000512679
738 686 0.000214960
750 686 0.000228892
799 686 0.000043469
689 687 0.000066240
718 687 0.000100412
726 687 0.000330724
758 687 0.000252367
764 687 0.000250256
744 688 0.000651981
747 688 0.000010553
763 688 0.000130115
783 688 0.000207351
663 689 0.000013464
684 689 0.000067330
704 689 0.000349186
729 689 0.000168343
787 689 0.000264015
790 689 0.000137662
713 690 0.000405259
747 690 0.000594741
703 691 0.000077180
715 691 0.000281615
757 691 0.000324193
771 691 0.000317012
727 692 0.000379488
728 692 0.000092022
760 692 0.000528490
757 693 0.001000000
750 694 0.000479502
774 694 0.000232560
780 694 0.000287939
748 695 0.000496594
759 695 0.000281962
776 695 0.000221444
728 696 0.000386566
739 696 0.000536627
800 696 0.000076808
700 697 0.000056056
733 697 0.000133320
745 697 0.000225417
753 697 0.000368541
778 697 0.000216665
766 698 0.000938104
817 698 0.000061896
737 699 0.000045077
752 699 0.000641607
771 699 0.000041595
777 699 0.000271721
721 700 0.000203322
735 700 0.000219289
756 700 0.000454315
764 700 0.000123075
719 701 0.000144699
749 701 0.000034229
769 701 0.000309407
781 701 0.000375650
807 701 0.000074044
815 701 0.000061971
712 702 0.000096397
729 702 0.000137287
746 702 0.000236151
761 702 0.000264138
770 702 0.000030316
782 702 0.000076682
790 702 0.000158234
846 702 0.000000796
732 703 0.000280144
763 703 0.000438476
783 703 0.000281380
722 704 0.000038418
747 704 0.000344926
768 704 0.000566870
822 704 0.000049786
734 705 0.000208535
751 705 0.000254808
779 705 0.000079337
784 705 0.000098979
785 705 0.000277691
802 705 0.000080649
756 706 0.000085234
760 706 0.000371446
765 706 0.000359748
796 706 0.000183571
726 707 0.000129609
756 707 0.000296879
758 707 0.000124527
764 707 0.000442715
786 707 0.000006270
750 708 0.000466738
767 708 0.000403497
770 708 0.000070680
820 708 0.000059084
716 709 0.000324844
719 709 0.000675156
769 710 0.001000000
758 711 0.000370571
764 711 0.000165645
786 711 0.000185944
791 711 0.000277840
725 712 0.000140918
775 712 0.000590977
776 712 0.000268105
782 713 0.001000000
762 714 0.000661861
772 714 0.000338139
745 715 0.001000000
743 716 0.000251084
757 716 0.000147612
771 716 0.000581604
844 716 0.000019699
742 718 0.000195402
744 718 0.000158961
773 718 0.000394436
782 718 0.000251202
740 719 0.000104196
749 719 0.000418164
784 719 0.000070209
789 719 0.000407432
784 720 0.000978196
841 720 0.000021804
717 721 0.000091136
755 721 0.000574992
757 721 0.000333872
787 722 0.000611201
804 722 0.000226654
823 722 0.000149759
832 722 0.000012387
707 723 0.000025125
748 723 0.000430723
775 723 0.000360202
816 723 0.000183950
724 724 0.000035275
763 724 0.000457591
794 724 0.000507134
772 725 0.000682168
796 725 0.000275579
834 725 0.000042253
758 726 0.000027340
777 726 0.000463665
786 726 0.000276431
809 726 0.000232563
715 727 0.000026538
757 727 0.000239892
771 727 0.000191596
793 727 0.000340151
806 727 0.000201823
762 728 0.000234477
780 728 0.000765523
744 729 0.000234005
783 729 0.000565971
794 729 0.000024243
805 729 0.000151615
814 729 0.000024166
764 730 0.000029912
765 730 0.000372206
796 730 0.000176876
797 730 0.000421006
723 731 0.000050124
779 731 0.000725236
821 731 0.000224640
777 732 0.000215853
786 732 0.000784147
735 733 0.000048477
758 733 0.000268669
808 733 0.000682854
761 734 0.000151348
782 734 0.000073199
787 734 0.000339130
790 734 0.000436323
730 735 0.000017523
759 735 0.000286658
815 735 0.000695819
750 736 0.000168505
767 736 0.000139291
780 736 0.000394242
820 736 0.000297962
784 737 0.000464341
802 737 0.000180083
817 737 0.000280401
848 737 0.000075175
768 738 0.000214359
794 738 0.000258386
798 738 0.000234828
822 738 0.000220182
843 738 0.000072244
788 739 0.000609996
796 739 0.000023100
829 739 0.000332771
856 739 0.000034133
766 740 0.000245286
784 740 0.000261811
803 740 0.000383916
841 740 0.000108987
776 741 0.000209630
795 741 0.000503983
811 741 0.000286387
796 742 0.000775842
831 742 0.000224158
792 743 0.000468840
816 743 0.000531160
790 744 0.000447351
814 744 0.000531522
858 744 0.000021127
763 745 0.000169127
783 745 0.000190462
794 745 0.000167847
805 745 0.000396174
853 745 0.000076390
768 746 0.000091266
778 746 0.000213360
798 746 0.000314373
801 746 0.000161319
826 746 0.000219682
769 747 0.000235641
789 747 0.000267498
807 747 0.000496861
771 748 0.000188673
777 748 0.000140557
806 748 0.000359824
809 748 0.000310945
749 749 0.000063955
789 749 0.000320982
803 749 0.000204995
827 749 0.000273961
841 749 0.000093596
842 749 0.000042512
750 750 0.000034927
770 750 0.000123478
804 750 0.000414413
832 750 0.000291099
845 750 0.000136083
762 751 0.000103123
800 751 0.000368676
810 751 0.000104828
813 751 0.000341012
820 751 0.000082362
819 752 0.001000000
787 754 0.000257360
804 754 0.000351032
823 754 0.000331384
824 754 0.000060224
755 755 0.000121616
816 755 0.000139110
830 755 0.000739274
795 756 0.000176489
811 756 0.000591854
851 756 0.000231657
825 757 0.000775050
854 757 0.000049925
857 757 0.000175025
765 758 0.000088042
797 758 0.000357028
810 758 0.000027380
831 758 0.000380016
856 758 0.000124389
861 758 0.000023146
773 759 0.000142364
783 759 0.000255287
805 759 0.000134342
847 759 0.000273360
853 759 0.000194647
777 760 0.000224481
809 760 0.000535817
854 760 0.000239701
754 761 0.000070725
837 761 0.000929275
794 762 0.000288822
805 762 0.000269943
838 762 0.000344127
867 762 0.000097107
755 763 0.001000000
820 764 0.000572471
835 764 0.000202019
852 764 0.000225510
803 765 0.000138430
817 765 0.000455212
821 765 0.000308574
865 765 0.000097784
786 766 0.000163353
818 766 0.000377177
825 766 0.000234420
854 766 0.000215016
879 766 0.000010033
823 767 0.000543986
824 767 0.000456014
817 768 0.000322182
827 768 0.000502058
848 768 0.000175760
781 769 0.000197689
850 769 0.000802311
780 770 0.000161553
813 770 0.000183320
820 770 0.000655128
834 771 0.000840935
885 771 0.000159065
788 772 0.000186362
829 772 0.000557404
856 772 0.000256234
864 773 0.001000000
826 774 0.000618577
836 774 0.000119036
868 774 0.000262387
788 775 0.000147200
829 775 0.000448808
861 775 0.000403992
826 776 0.000349913
836 776 0.000370956
862 776 0.000279132
814 777 0.000289365
824 777 0.000447863
846 777 0.000262772
792 778 0.000116082
816 778 0.000242329
828 778 0.000384789
860 778 0.000256800
747 779 0.000002056
783 779 0.000071355
812 779 0.000066185
819 779 0.000389655
838 779 0.000340107
881 779 0.000130642
794 780 0.000070818
798 780 0.000113127
822 780 0.000288564
826 780 0.000108866
843 780 0.000321216
868 780 0.000097409
811 781 0.000212209
833 781 0.000345700
850 781 0.000113157
851 781 0.000158155
870 781 0.000170779
831 782 0.000278533
834 782 0.000329487
856 782 0.000146399
872 782 0.000196201
885 782 0.000049380
832 783 0.000614057
845 783 0.000385943
846 785 0.001000000
855 786 0.000438020
873 786 0.000561980
811 787 0.000168338
851 787 0.000553341
860 787 0.000278321
809 788 0.000370511
879 788 0.000493185
887 788 0.000136304
804 789 0.000162622
845 789 0.000512976
858 789 0.000161585
874 789 0.000162817
812 790 0.000300273
847 790 0.000699727
837 791 0.000382069
865 791 0.000516978
878 791 0.000075430
921 791 0.000025524
828 792 0.000422463
860 792 0.000463730
894 792 0.000113807
857 793 0.000809629
901 793 0.000190371
827 794 0.000119091
876 794 0.000334652
878 794 0.000546257
830 795 0.000180710
840 795 0.000246680
866 795 0.000210628
875 795 0.000242183
879 795 0.000070056
900 795 0.000049744
808 796 0.000074240
825 796 0.000154796
839 796 0.000314098
871 796 0.000306404
889 796 0.000150461
794 797 0.000031874
819 797 0.000043475
838 797 0.000339743
867 797 0.000282983
881 797 0.000236651
908 797 0.000065274
844 798 0.000381025
854 798 0.000618975
873 799 0.000468044
890 799 0.000531956
829 800 0.000167934
831 800 0.000214428
856 800 0.000441939
861 800 0.000175699
810 801 0.000151960
834 801 0.000358818
885 801 0.000489222
823 802 0.000210757
858 802 0.000446709
877 802 0.000283583
919 802 0.000058951
849 803 0.000228343
852 803 0.000400714
882 803 0.000370943
815 804 0.000114279
842 804 0.000477157
850 804 0.000408563
801 805 0.000034911
868 805 0.000711937
903 805 0.000253152
850 806 0.000391871
870 806 0.000275265
891 806 0.000332864
846 807 0.000147262
858 807 0.000357314
859 807 0.000495424
837 808 0.000191477
863 808 0.000292471
865 808 0.000181049
869 808 0.000089404
893 808 0.000215803
921 808 0.000029796
817 809 0.001000000
829 810 0.000212765
839 810 0.000196486
861 810 0.000590749
864 811 0.000248979
876 811 0.000448079
878 811 0.000193983
918 811 0.000108959
847 812 0.000206543
853 812 0.000325223
884 812 0.000346856
909 812 0.000121378
843 813 0.000216555
862 813 0.000026710
867 813 0.000294078
868 813 0.000182116
881 813 0.000054787
896 813 0.000225754
870 814 0.000653758
891 814 0.000346242
856 815 0.000232236
861 815 0.000012586
872 815 0.000755178
864 816 0.000314363
876 816 0.000121092
883 816 0.000205069
899 816 0.000275599
920 816 0.000083877
851 817 0.000227353
860 817 0.000528321
886 817 0.000244326
849 818 0.000037182
882 818 0.000341121
906 818 0.000388323
907 818 0.000233373
859 819 0.000449770
895 819 0.000550230
886 820 0.001000000
806 821 0.000013548
840 821 0.000182486
875 821 0.000488176
879 821 0.000315789
874 822 0.000281575
877 822 0.000315071
898 822 0.000039425
906 822 0.000088482
907 822 0.000275448
838 823 0.000113498
881 823 0.000453678
908 823 0.000156552
909 823 0.000276272
880 824 0.000377760
884 824 0.000280973
910 824 0.000280524
928 824 0.000060743
855 825 0.000375194
873 825 0.000624806
844 826 0.000150712
875 826 0.000145383
879 826 0.000437629
911 826 0.000096484
922 826 0.000169792
871 827 0.000542677
887 827 0.000280259
889 827 0.000177064
835 828 0.000090543
849 828 0.000191220
873 828 0.000417142
902 828 0.000301095
900 829 0.001000000
857 830 0.000120147
888 830 0.000109631
916 830 0.000551100
947 830 0.000145987
949 830 0.000073136
872 831 0.000195644
888 831 0.000303777
905 831 0.000321274
914 831 0.000083655
936 831 0.000095650
818 832 0.000011901
854 832 0.000158631
887 832 0.000402052
901 832 0.000222423
922 832 0.000204994
898 833 0.000462706
906 833 0.000019544
919 833 0.000517750
893 834 0.000506377
912 834 0.000049863
921 834 0.000443759
848 835 0.000055738
864 835 0.000024024
876 835 0.000191150
878 835 0.000276956
912 835 0.000300743
918 835 0.000151390
892 836 0.000212916
903 836 0.000495961
924 836 0.000147658
931 836 0.000143466
896 837 0.000306474
908 837 0.000556203
924 837 0.000137323
873 838 0.000173674
874 838 0.000219813
927 838 0.000399086
935 838 0.000207427
877 839 0.000101842
898 839 0.000576988
933 839 0.000312005
982 839 0.000009165
876 840 0.000352458
918 840 0.000517253
920 840 0.000113992
940 840 0.000016296
861 841 0.000152458
888 841 0.000417754
917 841 0.000429788
891 842 0.000496772
899 842 0.000084212
920 842 0.000346448
954 842 0.000072569
896 843 0.000570429
924 843 0.000429571
914 844 0.000658541
929 844 0.000341459
827 845 0.000006261
883 845 0.000455921
899 845 0.000537818
881 846 0.000213869
909 846 0.000614840
937 846 0.000171291
893 847 0.000408461
904 847 0.000280226
932 847 0.000311312
865 848 0.000244309
921 848 0.000755691
913 849 0.000536692
926 849 0.000264284
950 849 0.000199024
830 850 0.000004439
875 850 0.000023858
894 850 0.000474433
930 850 0.000416264
966 850 0.000081006
882 851 0.000300861
906 851 0.000699139
846 852 0.000041296
895 852 0.000456120
928 852 0.000437535
967 852 0.000065050
930 853 0.001000000
879 854 0.000185669
911 854 0.000814331
910 855 0.000607628
928 855 0.000354236
933 855 0.000038136
906 856 0.000123282
907 856 0.000313460
919 856 0.000148661
935 856 0.000196777
948 856 0.000217820
849 857 0.000010835
885 857 0.000190640
890 857 0.000131261
902 857 0.000667264
905 858 0.001000000
853 859 0.000023956
909 859 0.000500805
937 859 0.000475239
915 861 0.000353370
922 861 0.000329612
951 861 0.000113060
958 861 0.000203958
889 862 0.000167239
917 862 0.000311508
936 862 0.000104609
947 862 0.000243770
949 862 0.000044747
962 862 0.000128127
927 863 0.001000000
898 864 0.000146343
907 864 0.000173947
919 864 0.000411559
952 864 0.000268151
875 865 0.000053536
894 865 0.000099161
900 865 0.000362400
942 865 0.000484903
887 866 0.000163824
901 866 0.000179611
915 866 0.000096312
934 866 0.000434238
949 866 0.000126014
912 867 0.000630509
940 867 0.000369491
901 868 0.000209398
947 868 0.000571026
965 868 0.000017340
980 868 0.000202236
908 869 0.000374014
909 869 0.000109190
944 869 0.000437157
968 869 0.000079638
903 870 0.000382630
945 870 0.000617370
883 871 0.000280093
918 871 0.000719907
902 872 0.000092754
914 872 0.000217708
929 872 0.000296710
941 872 0.000181047
963 872 0.000211781
905 873 0.000297757
936 873 0.000702243
973 874 0.000681875
975 874 0.000318125
890 875 0.000087049
923 875 0.000390597
927 875 0.000201800
955 875 0.000266474
959 875 0.000054081
921 876 0.000523209
932 876 0.000312180
978 876 0.000164610
898 877 0.000138147
919 877 0.000181548
933 877 0.000367645
952 877 0.000312660
897 878 0.000151683
940 878 0.000590514
953 878 0.000257803
920 879 0.000226074
926 879 0.000261717
954 879 0.000247860
960 879 0.000249551
971 879 0.000014798
950 880 0.000537408
960 880 0.000395265
992 880 0.000067327
859 881 0.000007957
928 881 0.000347814
933 881 0.000340927
967 881 0.000299127
981 881 0.000004174
912 882 0.000089475
938 882 0.000382972
953 882 0.000268154
971 882 0.000259398
964 883 0.000387650
966 883 0.000612350
907 884 0.000064931
923 884 0.000181006
935 884 0.000376805
955 884 0.000377258
939 885 0.000605205
943 885 0.000394795
921 886 0.000124846
925 886 0.000037140
932 886 0.000405484
946 886 0.000211681
957 886 0.000220849
913 887 0.000228243
950 887 0.000391666
964 887 0.000380091
933 888 0.000146240
943 888 0.000853760
922 889 0.000136897
951 889 0.000263072
958 889 0.000418898
993 889 0.000181132
935 890 0.000231258
948 890 0.000284955
974 890 0.000277531
981 890 0.000147162
1008 890 0.000059094
942 891 0.000323864
951 891 0.000476240
958 891 0.000184034
965 891 0.000015862
952 892 0.000456907
981 892 0.000543093
941 893 0.000304105
963 893 0.000291481
969 893 0.000226099
995 893 0.000161576
1028 893 0.000016740
968 894 0.000927196
1007 894 0.000072804
917 895 0.000091911
947 895 0.000216247
949 895 0.000032395
962 895 0.000313444
980 895 0.000119680
984 895 0.000113162
999 895 0.000113162
959 896 0.000545970
963 896 0.000454030
959 897 0.000823581
994 897 0.000176419
922 898 0.000640883
949 898 0.000359117
934 899 0.000195022
949 899 0.000313033
965 899 0.000154580
976 899 0.000330138
999 899 0.000007228
966 900 0.000315683
979 900 0.000436652
985 900 0.000158656
1001 900 0.000089009
944 901 0.000343539
973 901 0.000158112
975 901 0.000498349
936 902 0.000199516
962 902 0.000084461
969 902 0.000428502
995 902 0.000151214
999 902 0.000024866
1015 902 0.000111441
936 903 0.000009270
947 903 0.000217021
949 903 0.000172776
962 903 0.000127995
980 903 0.000318236
999 903 0.000091798
1024 903 0.000062903
960 904 0.000195289
988 904 0.000804711
940 905 0.000426114
983 905 0.000501652
996 905 0.000072234
953 906 0.000400919
978 906 0.000153509
983 906 0.000445572
945 907 0.000269371
970 907 0.000352444
973 907 0.000276356
1013 907 0.000101829
954 908 0.000075473
960 908 0.000444868
990 908 0.000466182
1053 908 0.000013477
937 909 0.000032918
973 909 0.000510819
975 909 0.000300550
1007 909 0.000155713
961 910 0.000591072
989 910 0.000408928
952 911 0.000375656
967 911 0.000183437
981 911 0.000251005
1004 911 0.000047554
1020 911 0.000142348
967 912 0.000609181
977 912 0.000014804
1004 912 0.000343681
1020 912 0.000032334
968 913 0.000231546
977 913 0.000768454
957 914 0.000450578
987 914 0.000491436
1023 914 0.000035936
1052 914 0.000022050
964 915 0.000460586
966 915 0.000532136
1021 915 0.000007278
962 916 0.000382122
980 916 0.000048957
984 916 0.000568921
938 917 0.000180910
953 917 0.000177683
954 917 0.000093130
971 917 0.000480487
1030 917 0.000067789
955 918 0.000278547
974 918 0.000174651
989 918 0.000354103
1008 918 0.000040318
1012 918 0.000152382
926 919 0.000137241
992 919 0.000862759
990 920 0.000483007
998 920 0.000516993
931 921 0.000210286
986 921 0.000789714
985 922 0.000214266
993 922 0.000563191
1025 922 0.000198744
1035 922 0.000023798
941 923 0.000199727
963 923 0.000800273
985 924 0.000805209
1017 924 0.000124400
1034 924 0.000055429
1054 924 0.000014962
955 925 0.000217883
982 925 0.000023149
1012 925 0.000758968
967 926 0.000133153
972 926 0.000302930
1004 926 0.000297169
1010 926 0.000266747
937 927 0.000061142
968 927 0.000411745
975 927 0.000095813
1005 927 0.000431300
952 928 0.000075992
974 928 0.000176448
981 928 0.000403842
1008 928 0.000343719
929 929 0.000052035
991 929 0.000947965
965 930 0.000214555
976 930 0.000203928
980 930 0.000019394
997 930 0.000420131
1034 930 0.000141991
947 931 0.000023813
976 931 0.000445252
1006 931 0.000530935
1005 932 0.001000000
980 933 0.000267885
999 933 0.000641723
1015 933 0.000090392
951 934 0.000089608
979 934 0.000682552
993 934 0.000095492
1025 934 0.000132349
984 935 0.000217603
995 935 0.000590325
1046 935 0.000192072
1001 936 0.000532753
1017 936 0.000467247
973 937 0.000172271
1007 937 0.000297992
1013 937 0.000306454
1041 937 0.000132989
1050 937 0.000090294
927 938 0.000010789
989 938 0.000184432
991 938 0.000304442
1000 938 0.000500337
983 939 0.000355140
996 939 0.000102402
1023 939 0.000542458
982 940 0.000371450
1009 940 0.000628550
960 941 0.000002212
996 941 0.000997788
1006 942 0.000420578
1024 942 0.000579422
988 943 0.000438202
992 943 0.000204032
1026 943 0.000357766
1002 944 0.000416153
1013 944 0.000361497
1040 944 0.000222350
950 945 0.000137446
992 945 0.000841200
1093 945 0.000021354
969 946 0.000087579
984 946 0.000234943
995 946 0.000062887
1015 946 0.000307644
1032 946 0.000227544
1058 946 0.000079403
971 947 0.000055942
996 947 0.000289777
1023 947 0.000369560
1030 947 0.000284722
955 948 0.000073041
991 948 0.000045797
1000 948 0.000353621
1031 948 0.000527540
1019 949 0.000584579
1052 949 0.000415421
988 951 0.000192396
1026 951 0.000527820
1033 951 0.000040236
1053 951 0.000239548
964 952 0.000090003
998 952 0.000388170
1017 952 0.000132880
1037 952 0.000388947
956 953 0.000020409
1002 953 0.000286678
1018 953 0.000459418
1040 953 0.000233495
1042 954 0.001000000
998 955 0.000476098
1021 955 0.000389017
1053 955 0.000134885
965 956 0.000090057
1025 956 0.000695928
1035 956 0.000214015
991 957 0.000086511
995 957 0.000329071
1029 957 0.000552401
1083 957 0.000032017
1025 959 0.001000000
968 960 0.000051715
1011 960 0.000318542
1038 960 0.000316383
1044 960 0.000313360
974 961 0.000066302
989 961 0.000090397
1008 961 0.000216548
1012 961 0.000380929
1031 961 0.000245824
994 962 0.000176782
1027 962 0.000493792
1028 962 0.000108171
1069 962 0.000221255
1008 963 0.000411249
1009 963 0.000015775
1042 963 0.000462941
1084 963 0.000110035
1041 964 0.000426574
1044 964 0.000434844
1076 964 0.000036825
1085 964 0.000101757
1006 965 0.000384853
1034 965 0.000095857
1035 965 0.000519290
1035 966 0.000819771
1055 966 0.000180229
1017 967 0.000395177
1022 967 0.000604823
999 968 0.000158150
1006 968 0.000017949
1024 968 0.000169346
1032 968 0.000258461
1048 968 0.000313169
1082 968 0.000082926
1080 969 0.001000000
1048 970 0.000268941
1058 970 0.000731059
1078 971 0.001000000
1046 972 0.001000000
1007 973 0.000198266
1013 973 0.000270862
1040 973 0.000125012
1041 973 0.000405860
996 974 0.000173032
1016 974 0.000299189
1030 974 0.000527779
1031 975 0.000138205
1039 975 0.000437003
1069 975 0.000205602
1072 975 0.000219190
1013 976 0.000170008
1040 976 0.000411350
1061 976 0.000159851
1081 976 0.000180232
1089 976 0.000078559
1014 977 0.000187701
1019 977 0.000029774
1030 977 0.000085563
1056 977 0.000454887
1059 977 0.000242075
1048 978 0.000329812
1055 978 0.000379071
1073 978 0.000291117
978 979 0.000006567
1023 979 0.000192803
1030 979 0.000283062
1056 979 0.000160592
1059 979 0.000356976
1016 980 0.000155394
1026 980 0.000190027
1043 980 0.000285421
1066 980 0.000260960
1071 980 0.000108198
1010 981 0.000007891
1036 981 0.000163312
1042 981 0.000040160
1045 981 0.000346563
1060 981 0.000336051
1074 981 0.000106024
1021 982 0.000378105
1053 982 0.000621895
1031 983 0.000369790
1039 983 0.000292521
1049 983 0.000105271
1072 983 0.000232418
1052 984 0.000500289
1056 984 0.000281909
1062 984 0.000217802
1042 985 0.000543589
1074 985 0.000456411
972 986 0.000002938
1005 986 0.000041517
1011 986 0.000144561
1038 986 0.000368744
1047 986 0.000199957
1076 986 0.000242282
1001 987 0.000098946
1037 987 0.000415122
1054 987 0.000219592
1057 987 0.000025528
1078 987 0.000205979
1109 987 0.000034833
1003 988 0.000065858
1052 988 0.000274542
1062 988 0.000470551
1095 988 0.000153593
1118 988 0.000035456
1043 989 0.000128889
1053 989 0.000407545
1066 989 0.000463567
1028 990 0.000325677
1070 990 0.000397465
1083 990 0.000220150
1110 990 0.000056708
1033 991 0.000302768
1037 991 0.000155612
1064 991 0.000391571
1093 991 0.000150050
1025 992 0.000141778
1067 992 0.000566947
1068 992 0.000291274
993 993 0.000027520
1022 993 0.000094152
1063 993 0.000548347
1067 993 0.000313848
1102 993 0.000016134
1027 994 0.000435855
1029 994 0.000564145
1044 995 0.000329313
1077 995 0.000527320
1089 995 0.000143367
1065 996 0.001000000
1010 997 0.000021341
1036 997 0.000232165
1060 997 0.000328537
1079 997 0.000357183
1114 997 0.000042294
1123 997 0.000018479
1047 998 0.001000000
1048 999 0.000157773
1058 999 0.000301616
1082 999 0.000330417
1103 999 0.000136997
1104 999 0.000073197
1054 1000 0.000126302
1057 1000 0.000335183
1078 1000 0.000074790
1092 1000 0.000260832
1096 1000 0.000202893
1080 1001 0.000440286
1111 1001 0.000559714
1102 1002 0.001000000
1042 1003 0.000255014
1049 1003 0.000224554
1060 1003 0.000004740
1084 1003 0.000381655
1107 1003 0.000134037
1006 1004 0.000026866
1055 1004 0.000318765
1073 1004 0.000280018
1090 1004 0.000339425
1132 1004 0.000034927
1054 1005 0.000450166
1078 1005 0.000549834
1048 1006 0.000286909
1073 1006 0.000398283
1082 1006 0.000314808
1029 1007 0.000035796
1069 1007 0.000390188
1072 1007 0.000475814
1101 1007 0.000098202
1081 1008 0.000655476
1089 1008 0.000344524
1059 1009 0.000240124
1071 1009 0.000759876
1058 1010 0.000417412
1082 1010 0.000184578
1103 1010 0.000398009
1040 1011 0.000132068
1089 1011 0.000867932
1036 1012 0.000023899
1074 1012 0.000650572
1107 1012 0.000325529
1056 1013 0.000535786
1095 1013 0.000098982
1119 1013 0.000365233
1098 1014 0.000430691
1099 1014 0.000478660
1120 1014 0.000090649
1065 1015 0.000428443
1070 1015 0.000001748
1105 1015 0.000117232
1106 1015 0.000452577
1091 1016 0.000559761
1115 1016 0.000253537
1120 1016 0.000186701
1026 1017 0.000013451
1043 1017 0.000001527
1053 1017 0.000159789
1066 1017 0.000051597
1075 1017 0.000049633
1087 1017 0.000281309
1093 1017 0.000340173
1115 1017 0.000055760
1141 1017 0.000046761
1075 1018 0.000513697
1078 1018 0.000486303
1062 1019 0.000258096
1086 1019 0.000141476
1095 1019 0.000397077
1118 1019 0.000203351
1052 1020 0.000174915
1056 1020 0.000131355
1086 1020 0.000421703
1095 1020 0.000272027
1091 1021 0.000327698
1093 1021 0.000191195
1115 1021 0.000481108
1070 1022 0.000475220
1110 1022 0.000524780
1079 1023 0.000305594
1088 1023 0.000694406
1064 1024 0.000263254
1075 1024 0.000303056
1078 1024 0.000065308
1108 1024 0.000368381
1067 1025 0.000262334
1100 1025 0.000374660
1102 1025 0.000363006
1027 1026 0.000084401
1070 1026 0.000754442
1083 1026 0.000161157
1079 1027 0.000538523
1080 1027 0.000461477
1076 1028 0.000326427
1085 1028 0.000118796
1111 1028 0.000352061
1114 1028 0.000202716
1092 1029 0.000127105
1100 1029 0.000872895
1121 1030 0.000890553
1145 1030 0.000109447
1096 1031 0.001000000
1090 1032 0.000327109
1104 1032 0.000301115
1125 1032 0.000371776
1048 1033 0.000051759
1058 1033 0.000126393
1082 1033 0.000408705
1127 1033 0.000413143
1097 1034 0.000381668
1106 1034 0.000224023
1116 1034 0.000198850
1136 1034 0.000195459
1074 1035 0.000361606
1107 1035 0.000638394
1049 1036 0.000143628
1097 1036 0.000526592
1107 1036 0.000329780
1077 1037 0.000270810
1113 1037 0.000441871
1124 1037 0.000131449
1143 1037 0.000155869
1090 1038 0.000351202
1102 1038 0.000423334
1125 1038 0.000225464
1103 1039 0.000532161
1110 1039 0.000437093
1178 1039 0.000030746
1092 1040 0.000270198
1109 1040 0.000301014
1126 1040 0.000116741
1129 1040 0.000312048
1089 1041 0.000524580
1117 1041 0.000475420
1071 1042 0.000132577
1091 1042 0.000172840
1120 1042 0.000408612
1144 1042 0.000134285
1158 1042 0.000137712
1176 1042 0.000013974
1106 1043 0.000513697
1134 1043 0.000486303
1051 1044 0.000011097
1094 1044 0.000262406
1117 1044 0.000500642
1146 1044 0.000225855
1091 1045 0.000033765
1131 1045 0.000707285
1154 1045 0.000258950
1069 1046 0.000166549
1105 1046 0.000776574
1184 1046 0.000056877
1119 1047 0.000760969
1131 1047 0.000239031
1053 1048 0.000637100
1071 1048 0.000362900
1112 1049 0.000672620
1123 1049 0.000276879
1151 1049 0.000050500
1075 1050 0.000113004
1109 1050 0.000382461
1140 1050 0.000367611
1161 1050 0.000136924
1090 1051 0.000070450
1104 1051 0.000510454
1127 1051 0.000419096
1064 1052 0.000055740
1108 1052 0.000157198
1122 1052 0.000787061
1069 1053 0.000044820
1101 1053 0.000450457
1105 1053 0.000144065
1155 1053 0.000170011
1169 1053 0.000164591
1192 1053 0.000026056
1138 1054 0.001000000
1038 1055 0.000004360
1080 1055 0.000188371
1114 1055 0.000542406
1142 1055 0.000264863
1044 1056 0.000015352
1111 1056 0.000546554
1145 1056 0.000438094
1128 1057 0.000654301
1147 1057 0.000345699
1115 1058 0.000870163
1180 1058 0.000129837
1102 1059 0.000358197
1130 1059 0.000641803
1093 1060 0.000126922
1108 1060 0.000297071
1122 1060 0.000119292
1141 1060 0.000288984
1166 1060 0.000167732
1063 1061 0.000046085
1129 1061 0.000059840
1130 1061 0.000607943
1162 1061 0.000263191
1200 1061 0.000022940
1126 1062 0.000646022
1137 1062 0.000353978
1103 1063 0.000260709
1133 1063 0.000391429
1159 1063 0.000347862
1107 1064 0.000272513
1116 1064 0.000250357
1151 1064 0.000260783
1156 1064 0.000216348
1110 1065 0.000254264
1133 1065 0.000191555
1135 1065 0.000216756
1155 1065 0.000286682
1192 1065 0.000050743
1072 1066 0.000017027
1106 1066 0.000173404
1116 1066 0.000074681
1134 1066 0.000252251
1136 1066 0.000362717
1156 1066 0.000101334
1202 1066 0.000018586
1077 1067 0.000032313
1113 1067 0.000251508
1121 1067 0.000070321
1143 1067 0.000392241
1146 1067 0.000005506
1152 1067 0.000241840
1217 1067 0.000006271
1102 1068 0.000030681
1125 1068 0.000302733
1127 1068 0.000033223
1132 1068 0.000205296
1149 1068 0.000178618
1165 1068 0.000249448
1076 1069 0.000073482
1145 1069 0.000926518
1085 1070 0.000070022
1113 1070 0.000325842
1121 1070 0.000473813
1187 1070 0.000130323
1116 1071 0.000258421
1136 1071 0.000267358
1156 1071 0.000357734
1171 1071 0.000116488
1130 1072 0.000182419
1132 1072 0.000356633
1160 1072 0.000355067
1190 1072 0.000105880
1126 1073 0.000227209
1129 1073 0.000472043
1177 1073 0.000300747
1101 1074 0.000172439
1139 1074 0.000759033
1192 1074 0.000068528
1117 1075 0.000197983
1146 1075 0.000363646
1157 1075 0.000277045
1174 1075 0.000044978
1182 1075 0.000116347
1071 1076 0.000010621
1131 1076 0.000290503
1144 1076 0.000168076
1158 1076 0.000464432
1205 1076 0.000066368
1129 1077 0.000335191
1161 1077 0.000664809
1142 1078 0.000933591
1186 1078 0.000066409
1117 1079 0.000116875
1143 1079 0.000254449
1157 1079 0.000380658
1174 1079 0.000248018
1122 1080 0.000171265
1141 1080 0.000311067
1166 1080 0.000141572
1167 1080 0.000275892
1194 1080 0.000100204
1073 1081 0.000009523
1127 1081 0.000456196
1159 1081 0.000534281
1134 1082 0.000304409
1135 1082 0.000020664
1139 1082 0.000213486
1168 1082 0.000339398
1184 1082 0.000122043
1142 1083 0.000305934
1150 1083 0.000694066
1131 1084 0.000235539
1154 1084 0.000382481
1158 1084 0.000134166
1176 1084 0.000247814
1148 1085 0.000584189
1167 1085 0.000287558
1185 1085 0.000070543
1211 1085 0.000057710
1110 1086 0.000182742
1135 1086 0.000095171
1169 1086 0.000066932
1178 1086 0.000655156
1123 1087 0.000209653
1138 1087 0.000255355
1151 1087 0.000534993
1119 1088 0.000166166
1154 1088 0.000269936
1164 1088 0.000413305
1183 1088 0.000150594
1144 1089 0.000412557
1180 1089 0.000228509
1185 1089 0.000322975
1211 1089 0.000035959
1147 1090 0.000454712
1183 1090 0.000457083
1197 1090 0.000088205
1140 1091 0.000278086
1166 1091 0.000375077
1188 1091 0.000217616
1194 1091 0.000129222
1137 1092 0.000368095
1170 1092 0.000631905
1145 1093 0.000336698
1163 1093 0.000400208
1187 1093 0.000050967
1196 1093 0.000212127
1110 1094 0.000062234
1135 1094 0.000246092
1155 1094 0.000293333
1169 1094 0.000398341
1162 1095 0.000398753
1172 1095 0.000399232
1200 1095 0.000202015
1145 1096 0.000312250
1153 1096 0.000586519
1163 1096 0.000101231
1159 1097 0.000180485
1199 1097 0.000592084
1219 1097 0.000227431
1160 1098 0.000317156
1165 1098 0.000439569
1199 1098 0.000243275
1123 1099 0.000015097
1156 1099 0.000307505
1175 1099 0.000134840
1179 1099 0.000523895
1209 1099 0.000018662
1113 1100 0.000043935
1121 1100 0.000083992
1163 1100 0.000410559
1196 1100 0.000396518
1217 1100 0.000064996
1134 1101 0.000053272
1168 1101 0.000202959
1169 1101 0.000222073
1184 1101 0.000401419
1202 1101 0.000120278
1097 1102 0.000004531
1134 1102 0.000103384
1136 1102 0.000128516
1168 1102 0.000245293
1171 1102 0.000385621
1191 1102 0.000104423
1235 1102 0.000028232
1187 1103 0.001000000
1156 1104 0.000294717
1171 1104 0.000276557
1191 1104 0.000358675
1229 1104 0.000070051
1149 1105 0.000064604
1159 1105 0.000329338
1178 1105 0.000313025
1201 1105 0.000293033
1166 1106 0.000073026
1198 1106 0.000737467
1227 1106 0.000128924
1236 1106 0.000060583
1131 1107 0.000096141
1158 1107 0.000356317
1176 1107 0.000425566
1218 1107 0.000121976
1162 1108 0.000238917
1172 1108 0.000082213
1177 1108 0.000377254
1188 1108 0.000042799
1200 1108 0.000258816
1141 1109 0.000295378
1166 1109 0.000483502
1227 1109 0.000202402
1245 1109 0.000018717
1161 1110 0.000336828
1188 1110 0.000347225
1206 1110 0.000315947
1170 1111 0.000444134
1190 1111 0.000555866
1178 1112 0.001000000
1150 1113 0.000195606
1151 1113 0.000236631
1175 1113 0.000567763
1146 1114 0.000139408
1157 1114 0.000259981
1187 1114 0.000012692
1189 1114 0.000450613
1222 1114 0.000137305
1193 1115 0.001000000
1174 1116 0.000688261
1217 1116 0.000311739
1142 1117 0.000073252
1150 1117 0.000147157
1173 1117 0.000281998
1193 1117 0.000090477
1195 1117 0.000407116
1176 1118 0.000319207
1183 1118 0.000018785
1197 1118 0.000259366
1205 1118 0.000174346
1218 1118 0.000228296
1144 1119 0.000182476
1148 1119 0.000201910
1211 1119 0.000615614
1168 1120 0.000430987
1171 1120 0.000185690
1184 1120 0.000383323
1193 1121 0.000748608
1223 1121 0.000251392
1128 1122 0.000024949
1183 1122 0.000331101
1197 1122 0.000643951
1228 1123 0.001000000
1197 1124 0.000272733
1212 1124 0.000727267
1185 1125 0.000369010
1205 1125 0.000243331
1213 1125 0.000273588
1234 1125 0.000114071
1139 1126 0.000051202
1169 1126 0.000328908
1208 1126 0.000469177
1210 1126 0.000025929
1224 1126 0.000124783
1188 1127 0.000445201
1194 1127 0.000257682
1220 1127 0.000297117
1181 1128 0.000361693
1201 1128 0.000340494
1219 1128 0.000266986
1243 1128 0.000030827
1179 1129 0.001000000
1190 1130 0.000322057
1199 1130 0.000559323
1243 1130 0.000118620
1172 1131 0.001000000
1187 1132 0.000164214
1196 1132 0.000336694
1216 1132 0.000174718
1217 1132 0.000050500
1223 1132 0.000256922
1244 1132 0.000016952
1178 1133 0.000329199
1210 1133 0.000513609
1225 1133 0.000157191
1138 1134 0.000028345
1171 1134 0.000119016
1214 1134 0.000771282
1242 1134 0.000081358
1225 1135 0.000694830
1237 1135 0.000305170
1151 1136 0.000000236
1179 1136 0.000021147
1202 1136 0.000147744
1209 1136 0.000412848
1229 1136 0.000265783
1235 1136 0.000152243
1180 1137 0.000331123
1236 1137 0.000561656
1248 1137 0.000107221
1217 1138 0.000557445
1223 1138 0.000442555
1215 1139 0.000280826
1221 1139 0.000468405
1240 1139 0.000250769
1227 1140 0.000755174
1245 1140 0.000244826
1161 1141 0.000048687
1177 1141 0.000147027
1188 1141 0.000117568
1206 1141 0.000412161
1230 1141 0.000241922
1232 1141 0.000032636
1219 1142 0.000056654
1228 1142 0.000701313
1238 1142 0.000137683
1243 1142 0.000104350
1170 1143 0.000129509
1203 1143 0.000503787
1207 1143 0.000366704
1234 1144 0.001000000
1207 1145 0.000101293
1231 1145 0.000476096
1232 1145 0.000295072
1247 1145 0.000127539
1168 1146 0.000047665
1202 1146 0.000219686
1208 1146 0.000431040
1237 1146 0.000291955
1250 1146 0.000009654
1215 1147 0.000489140
1239 1147 0.000331706
1240 1147 0.000179154
1187 1148 0.000063282
1204 1148 0.000256212
1217 1148 0.000294008
1233 1148 0.000251440
1241 1148 0.000115124
1249 1148 0.000019934
1165 1149 0.000142095
1226 1149 0.000857905
1204 1150 0.000243842
1222 1150 0.000313852
1233 1150 0.000308376
1246 1150 0.000133930
