5625
1	383
2	117
2	1182
3	268
3	877
3	1343
3	1500
4	136
4	320
4	1105
5	637
5	849
5	1386
6	166
6	297
6	482
7	48
7	820
8	91
8	207
8	340
8	1136
8	1215
8	1432
9	443
9	777
9	1043
9	1084
10	657
10	974
10	1004
11	420
11	737
11	799
11	1316
11	1476
12	595
12	716
12	892
12	948
12	1273
13	400
13	463
13	1360
13	1449
14	19
14	574
14	695
14	757
14	922
15	65
15	357
15	555
15	1403
16	187
16	239
16	499
16	537
17	151
17	376
17	835
17	865
17	1196
18	519
18	615
18	674
18	1023
18	1119
18	1235
19	108
19	989
19	1171
19	1290
20	280
20	1065
20	1256
20	1333
21	221
21	1147
22	1495
23	259
23	1377
24	38
24	81
24	316
25	127
25	1090
25	1421
26	631
26	964
26	1307
26	1464
27	334
27	907
27	936
28	300
28	438
28	649
28	786
28	812
29	170
29	480
29	767
29	882
29	1047
30	417
30	458
30	724
30	1214
30	1351
31	853
32	12
32	200
32	396
32	579
32	601
32	701
32	742
33	55
33	1006
33	1106
33	1189
33	1394
34	148
34	558
34	1439
35	98
35	1132
36	376
36	538
36	1026
36	1158
36	1274
36	1482
37	242
37	356
37	499
37	681
37	982
38	518
38	828
38	1073
38	1251
38	1322
40	286
40	662
40	1231
40	1368
41	29
41	222
41	923
41	951
42	896
42	1412
43	72
43	184
43	266
43	1293
43	1457
44	118
44	620
44	1173
45	338
45	868
46	314
46	802
46	1340
47	759
47	1500
48	640
48	845
48	1055
48	1115
48	1203
49	162
49	438
49	477
49	781
49	1386
50	46
50	137
50	421
50	458
50	720
50	1090
51	597
51	1036
51	1146
51	1429
52	92
52	402
52	578
52	739
52	968
52	993
53	206
53	558
53	700
54	249
54	381
54	938
54	1475
55	297
55	883
55	1013
55	1265
55	1313
56	515
56	537
56	909
56	1357
57	18
57	680
57	818
57	1219
58	362
59	183
59	494
59	659
59	1188
59	1243
60	63
60	1403
60	1446
61	229
61	340
61	1284
62	107
62	1074
62	1132
62	1162
63	275
63	1331
64	611
64	837
65	1492
66	148
66	860
66	1106
66	1375
67	81
67	320
67	629
67	760
67	925
67	952
67	1420
68	35
68	452
68	797
69	124
69	1031
69	1302
69	1463
70	430
70	473
70	585
70	739
70	778
70	985
70	1051
71	257
72	167
72	409
72	720
72	1259
73	213
73	302
73	387
73	564
73	1204
73	1347
74	7
74	542
74	879
74	1004
74	1090
74	1229
75	195
75	703
75	898
75	1177
76	52
76	521
76	686
76	1392
77	367
77	646
77	665
77	966
77	1122
77	1147
78	502
78	813
79	96
79	240
79	346
79	1436
80	284
80	1321
81	1480
82	832
82	1065
82	1275
83	23
83	915
83	938
83	1364
84	485
84	604
85	70
85	139
85	852
85	1022
85	1410
86	327
86	447
86	1295
87	115
87	182
87	623
87	1244
87	1454
88	264
88	748
89	225
89	769
89	1042
89	1163
90	790
90	1106
90	1190
90	1214
90	1338
91	157
91	409
91	429
91	466
91	584
91	871
91	1081
92	309
92	562
92	980
92	1132
92	1499
93	42
93	389
93	543
93	726
93	956
93	1382
94	1000
95	369
95	684
96	88
96	203
96	706
96	893
97	641
97	663
97	809
97	1470
98	526
98	1260
98	1312
98	1425
99	290
99	351
99	508
99	1355
100	1232
101	246
101	829
102	912
102	1059
102	1147
103	17
103	60
103	931
103	1021
103	1285
103	1400
104	129
104	173
104	333
104	489
104	1174
104	1444
105	274
105	604
105	849
106	105
106	223
106	746
106	1092
107	449
107	1118
107	1200
107	1487
108	1372
109	148
109	568
109	623
109	766
109	870
109	1328
110	410
110	472
110	948
111	78
111	786
111	970
111	1040
112	36
112	316
112	723
113	430
113	548
113	587
113	990
114	392
114	686
114	1247
114	1271
114	1462
115	191
115	804
115	890
115	1217
115	1303
116	260
116	373
116	646
116	666
116	1076
116	1346
117	5
117	297
117	705
117	1009
117	1414
118	527
118	1133
119	355
119	1159
120	823
120	1388
121	163
121	209
121	507
121	907
121	1185
122	95
122	237
122	1101
122	1432
123	118
124	51
124	741
124	842
124	925
125	337
125	1059
125	1481
126	465
126	863
126	1363
127	24
127	68
127	488
127	607
128	138
128	280
128	947
128	1230
128	1288
128	1320
129	447
129	567
129	761
129	1026
130	413
130	1263
130	1450
131	181
131	782
131	1202
132	626
132	966
132	1117
133	256
133	314
133	548
133	587
133	685
133	882
133	985
133	1338
134	665
134	1085
134	1144
134	1402
135	223
135	375
135	723
135	1169
135	1499
136	394
136	429
136	646
136	800
136	1045
137	1005
138	703
139	154
139	530
139	820
139	1468
140	83
140	198
140	1247
140	1304
141	40
141	296
141	355
141	512
141	1381
141	1423
142	105
142	901
143	332
143	472
144	858
144	1221
145	126
145	241
145	742
145	836
145	921
145	942
145	1066
145	1360
146	18
146	61
146	1187
146	1281
147	272
147	494
147	763
147	1101
147	1127
147	1442
148	173
148	573
148	604
150	451
150	1485
151	876
151	1024
151	1159
151	1325
152	215
152	414
152	554
152	959
153	623
153	782
153	981
153	1263
154	144
154	643
154	663
154	1045
154	1403
155	314
155	684
155	1002
155	1207
155	1344
156	373
156	721
156	1235
157	395
157	804
157	1462
158	1082
159	189
159	257
159	290
159	348
159	701
159	1142
160	5
160	96
160	432
160	533
160	587
160	848
160	1306
161	75
161	892
162	48
162	475
162	1174
162	1385
163	30
163	513
163	824
163	937
163	1117
163	1291
163	1424
164	118
164	162
164	232
164	754
164	1444
165	912
167	332
167	736
167	1365
168	457
168	1061
168	1248
169	866
170	206
170	491
170	607
170	976
170	1195
170	1487
171	136
171	275
171	567
171	1019
171	1221
172	775
172	1039
172	1100
172	1275
173	305
173	362
173	414
173	668
173	954
173	1323
173	1343
174	387
174	547
174	648
174	795
174	996
175	59
175	179
175	248
175	627
175	1407
176	1133
176	1156
177	17
177	688
177	713
177	838
177	1082
177	1468
178	443
178	924
179	103
180	881
181	82
181	813
181	1385
182	151
182	525
182	589
182	1178
182	1258
183	39
183	222
183	505
183	1302
183	1449
184	321
184	346
184	472
184	899
184	1429
185	291
186	735
186	755
186	1209
186	1235
186	1496
187	124
187	197
187	264
187	855
187	1365
188	374
188	428
188	1114
189	568
189	938
189	975
190	168
190	401
190	1052
190	1284
191	609
191	1014
191	1070
191	1344
192	780
193	61
193	547
193	630
193	668
193	825
193	1034
194	993
194	1146
194	1325
194	1477
195	239
195	456
195	487
195	649
195	958
195	1095
195	1414
196	21
196	704
196	1193
197	915
197	1166
198	97
198	1266
198	1394
199	306
199	332
199	686
199	800
199	873
200	140
200	214
200	276
200	359
200	723
200	1130
200	1456
202	77
202	183
202	388
202	415
202	843
202	1224
203	44
203	511
203	529
203	589
203	893
203	1308
204	1248
204	1373
205	1
205	766
205	1436
206	441
206	745
207	116
207	158
207	936
208	1353
209	470
209	1076
210	256
210	571
210	818
210	1014
210	1109
210	1181
211	624
211	975
211	1055
211	1206
212	230
212	554
212	1033
212	1288
212	1483
213	200
213	291
213	346
213	495
213	604
213	861
214	317
214	646
214	996
214	1332
214	1416
215	374
215	666
215	786
215	1151
216	26
216	905
216	953
217	400
217	704
218	59
218	84
218	725
218	1267
218	1464
219	427
219	685
219	1093
219	1129
219	1237
219	1395
220	129
220	172
220	923
221	836
222	102
222	453
222	880
222	1312
222	1374
223	537
224	273
224	517
224	764
224	805
224	1167
224	1444
225	7
225	146
226	216
226	246
226	332
226	1194
227	745
228	358
228	476
228	585
228	1220
229	43
229	190
229	303
229	1071
229	1292
230	1035
230	1357
230	1426
230	1488
231	413
231	495
231	563
231	625
231	856
231	972
231	992
231	1014
232	387
232	606
232	938
232	1250
232	1339
233	1053
234	644
234	783
234	898
234	1111
235	72
235	439
235	663
236	116
236	823
237	160
237	1133
237	1406
237	1469
238	28
238	232
238	683
238	725
238	1089
238	1152
238	1179
238	1274
238	1322
239	261
239	287
239	704
239	955
240	917
240	1384
241	93
241	317
242	205
242	371
242	462
242	875
242	1208
243	343
243	1450
244	525
244	545
244	800
244	1233
245	55
245	136
245	178
245	843
245	1301
246	11
246	505
246	767
247	402
247	586
247	1432
248	746
248	1364
249	567
249	997
249	1033
250	482
250	1257
250	1494
251	604
251	1072
252	623
252	1343
253	273
253	424
253	819
253	895
253	977
253	1014
253	1106
254	155
254	221
254	246
254	302
254	643
254	935
254	1169
255	684
255	724
255	1052
255	1191
256	77
256	359
256	663
256	862
256	1127
256	1283
256	1397
256	1476
257	37
257	102
257	327
257	384
257	444
257	1416
258	192
258	1149
258	1322
259	121
259	785
259	955
260	705
260	914
260	1217
261	1457
262	1090
262	1239
263	465
263	500
263	1381
264	524
264	837
264	1302
265	18
265	543
265	563
265	880
266	60
266	763
267	172
267	806
267	1438
268	143
268	261
268	286
268	343
268	741
268	1267
269	206
269	583
269	993
270	233
270	401
270	603
270	1033
270	1361
270	1499
271	312
272	623
272	644
272	1069
272	1343
273	370
273	423
273	857
273	934
273	1112
273	1179
274	87
274	483
274	1013
274	1202
275	43
275	680
275	972
276	1050
276	1159
276	1481
277	442
277	899
277	1136
277	1250
278	109
278	661
278	721
278	1403
278	1420
279	699
279	1285
280	129
280	776
280	794
280	823
280	1227
280	1326
280	1463
281	248
281	461
281	1093
282	158
282	189
282	328
282	504
282	525
282	951
283	385
283	919
283	1306
283	1385
284	215
284	562
284	876
285	24
285	69
285	274
285	296
285	353
286	752
286	1445
287	544
288	411
288	600
288	843
289	5
289	990
290	579
290	1348
290	1368
291	620
291	1030
291	1073
291	1122
292	640
292	734
292	1210
292	1268
293	49
293	93
293	1189
294	172
294	434
294	967
294	1244
295	144
295	231
295	477
295	681
295	809
295	1146
295	1168
296	495
296	710
296	892
296	1010
296	1487
297	118
297	312
297	369
297	1054
298	936
298	1103
298	1405
299	256
299	337
299	392
299	767
299	859
299	1287
299	1467
300	201
300	661
300	910
300	1328
300	1424
301	452
301	521
301	788
301	1309
303	831
303	1227
304	77
304	1445
305	560
305	1387
306	32
306	1085
307	13
307	421
307	538
307	1130
308	273
308	294
308	877
308	980
309	60
309	185
309	581
309	601
309	692
309	726
309	953
309	1364
310	159
310	623
310	749
310	1259
311	103
311	133
311	217
311	353
311	507
311	1202
312	997
312	1023
312	1041
312	1344
313	241
313	405
313	643
313	1159
313	1183
314	324
314	464
314	923
315	378
315	847
315	1067
315	1277
316	800
316	1114
316	1494
317	483
317	672
317	818
318	440
318	775
319	896
319	1301
319	1406
319	1473
320	1243
320	1451
321	46
321	710
321	1323
321	1427
322	307
323	116
323	967
323	1094
323	1220
324	88
324	144
324	175
324	200
324	258
324	939
324	1141
325	524
325	550
325	866
325	1384
326	283
326	340
326	569
327	16
327	736
327	1010
327	1052
328	69
328	224
328	364
328	394
328	613
328	758
329	421
330	592
330	655
330	834
330	911
330	1342
330	1365
331	501
331	692
332	458
332	634
332	987
332	1165
332	1202
333	34
333	789
333	1031
333	1078
333	1283
334	884
334	1122
334	1261
335	1183
336	159
336	479
336	955
337	1
337	101
337	1238
337	1445
338	129
338	242
338	298
338	718
338	811
338	1306
338	1483
339	323
340	380
340	674
340	928
340	1407
340	1464
341	189
341	268
341	437
341	537
341	853
341	1104
342	56
342	210
342	353
342	1324
343	409
343	771
343	1061
343	1426
344	515
344	577
344	1152
344	1389
345	900
346	747
346	1219
347	80
347	557
347	829
347	973
347	999
348	618
348	1370
349	22
349	599
349	702
349	1018
349	1133
349	1348
350	641
350	872
351	146
351	173
351	944
351	1042
351	1088
351	1273
352	115
352	457
352	496
352	729
352	1251
353	226
353	282
353	339
353	659
354	309
354	796
354	1176
354	1198
354	1294
355	39
355	251
355	394
357	368
357	425
357	475
357	916
357	1484
358	4
358	686
359	1070
359	1114
359	1446
360	63
360	96
360	815
360	847
360	1464
361	777
361	1409
362	526
362	546
362	958
362	1236
362	1314
362	1333
363	889
363	987
364	132
364	758
364	1157
364	1428
365	159
365	188
365	210
365	324
365	589
365	714
365	1389
366	267
366	568
366	1030
366	1218
366	1367
367	443
367	1139
368	293
368	410
368	506
368	632
368	864
368	932
368	1096
369	238
369	611
369	671
369	1009
370	353
370	385
370	1053
370	1264
371	24
371	79
371	739
371	1285
372	1185
373	833
373	907
373	1349
374	46
374	652
375	485
375	695
375	1202
376	463
376	789
377	118
377	808
377	974
377	1077
377	1486
378	3
378	1123
379	101
379	145
379	949
379	1168
379	1245
380	172
380	308
380	1447
380	1467
381	252
381	334
381	528
381	549
381	876
381	1305
382	198
382	225
382	369
382	426
382	722
382	1327
382	1409
383	279
383	768
384	401
384	571
384	592
384	851
384	995
384	1105
384	1428
385	60
385	1370
385	1390
386	507
387	919
387	1017
387	1038
387	1148
388	633
388	676
388	894
388	1225
389	446
389	613
390	77
390	748
390	1059
391	15
391	130
391	829
391	1347
392	34
392	705
392	1269
392	1288
393	158
393	349
393	471
393	656
394	294
394	937
395	184
395	266
395	321
395	959
395	1187
395	1206
396	212
396	239
396	790
396	809
396	1091
396	1249
397	386
397	489
398	731
398	1132
398	1469
399	93
399	112
399	416
399	1492
400	551
400	978
400	1167
400	1312
401	688
401	869
401	1073
401	1450
403	531
403	570
403	774
403	998
403	1113
403	1331
403	1411
404	51
404	364
404	435
404	513
404	851
404	1371
404	1431
405	588
405	912
405	1390
406	143
406	888
407	757
407	1017
407	1230
408	457
408	607
408	1034
408	1150
409	280
409	306
409	336
409	627
409	646
409	714
410	71
410	169
410	253
410	401
411	10
411	197
411	225
411	831
411	931
411	1295
412	669
412	1052
412	1273
412	1353
414	30
414	952
414	1210
415	812
415	1189
415	1252
415	1478
416	741
417	477
417	500
417	1092
418	129
418	694
418	972
419	91
419	110
419	378
419	793
419	1074
420	545
420	1129
421	321
421	350
421	1168
421	1458
422	566
422	872
422	992
422	1317
422	1437
423	50
423	184
423	420
423	523
423	895
424	153
424	239
424	266
424	294
424	854
424	1337
424	1395
424	1415
424	1496
425	587
425	724
425	773
425	1374
426	441
426	1013
426	1110
427	210
427	399
427	607
428	913
429	627
429	646
429	1033
429	1148
429	1229
430	681
430	835
431	69
431	461
431	931
431	1285
432	18
432	1053
432	1304
433	753
433	1248
433	1358
434	362
434	706
434	815
434	951
434	1209
435	169
435	337
435	1187
435	1267
436	134
436	483
436	504
436	663
437	225
437	280
437	309
437	971
437	1476
438	38
438	797
439	90
439	109
439	1072
440	254
440	543
440	1092
440	1455
441	193
441	379
441	563
441	887
441	990
441	1126
441	1434
442	733
442	1165
442	1391
443	420
443	865
443	1412
443	1498
444	584
444	780
444	1326
444	1345
445	401
445	524
445	1011
446	441
446	604
446	844
447	58
447	1371
448	151
448	624
448	688
448	907
449	1030
450	321
450	645
450	761
450	1110
450	1228
451	210
451	239
451	296
451	350
451	463
451	928
451	1145
452	121
452	716
452	1048
452	1307
453	16
453	823
453	948
453	1193
453	1248
453	1287
454	78
454	174
454	270
455	1268
456	483
456	502
456	670
456	743
456	966
456	1211
457	34
457	1067
457	1483
458	542
458	803
458	1175
458	1461
459	370
459	1086
459	1439
460	563
460	986
461	99
461	336
461	699
461	885
461	1418
462	138
462	391
462	865
462	1397
463	582
463	1006
463	1353
464	434
464	1129
464	1375
465	228
465	255
465	413
465	520
465	601
465	785
465	906
465	1332
466	193
466	845
466	1157
467	3
467	619
467	1025
468	47
468	310
468	727
468	1106
469	160
469	454
469	1311
470	66
470	285
470	639
470	658
470	765
470	925
472	117
472	827
472	1232
473	476
473	944
473	1046
473	1290
474	212
474	1194
475	352
475	682
475	963
475	1250
475	1271
476	539
476	747
476	1068
476	1457
476	1479
477	23
477	329
477	707
477	807
478	89
478	177
478	497
478	983
478	1213
478	1436
479	560
479	1142
479	1414
480	137
480	269
480	371
480	1175
481	240
481	393
481	865
481	886
481	1372
481	1393
482	1088
483	433
483	579
483	1003
483	1118
483	1350
484	413
484	517
484	787
485	600
485	1499
486	903
486	1332
487	42
487	622
487	848
487	1023
488	64
488	295
488	454
488	726
488	1312
489	104
489	197
489	643
489	665
490	156
490	921
491	222
491	312
491	694
491	767
492	252
492	475
492	1041
492	1160
493	939
493	1233
493	1273
493	1293
494	345
494	536
494	832
494	960
494	1060
495	125
495	1196
495	1463
496	17
496	746
496	814
496	1103
496	1135
496	1252
497	82
497	176
497	980
497	1441
498	279
498	365
498	495
498	557
498	876
498	1420
498	1485
499	387
499	1214
499	1399
500	999
500	1377
501	327
501	796
501	1078
502	33
502	408
502	576
502	1178
502	1356
503	595
503	680
503	714
504	144
504	429
505	211
505	515
505	616
505	1017
505	1335
506	58
506	449
506	898
507	776
507	856
508	102
508	236
508	261
508	637
509	657
509	1120
509	1151
509	1313
510	2
510	305
510	467
510	733
511	917
511	1037
512	193
512	1272
512	1292
513	535
513	936
513	958
513	1095
514	121
514	163
514	756
514	837
514	1059
514	1460
515	486
515	699
515	1235
515	1439
516	73
516	347
516	880
516	1417
516	1479
517	288
517	367
517	818
517	975
517	1196
517	1253
518	45
518	555
518	1396
519	324
519	995
519	1166
519	1375
520	386
520	798
520	1217
522	21
522	406
522	506
522	675
522	1137
522	1355
523	224
523	270
523	576
523	597
524	88
524	142
524	424
524	618
524	1015
524	1078
524	1338
525	246
526	179
526	444
526	716
526	777
527	860
527	1112
527	1319
528	740
528	900
528	1495
529	464
529	526
529	637
529	1035
529	1180
529	1299
530	204
531	657
532	840
532	920
532	942
533	62
533	105
533	305
533	693
533	881
533	1056
533	1278
534	126
534	483
534	1442
535	1154
535	1422
535	1462
536	37
536	160
536	345
536	544
536	758
536	962
536	1237
536	1401
537	364
537	986
537	1257
538	801
538	820
538	1095
538	1130
538	1197
538	1379
539	11
539	325
539	383
540	286
540	501
540	1217
541	235
541	262
541	563
541	1360
541	1481
542	615
543	423
543	1006
544	79
544	192
544	403
544	597
544	731
544	1340
545	580
546	676
546	709
546	780
546	1073
546	1318
547	217
547	1028
547	1172
548	145
548	441
548	459
549	54
549	520
549	653
549	862
549	901
549	1298
550	937
550	1114
551	174
551	637
552	100
552	842
553	22
553	121
553	478
553	1047
553	1276
553	1460
554	307
554	881
554	918
554	977
554	1141
554	1420
554	1440
554	1498
555	538
555	1400
556	747
556	956
556	1093
556	1236
556	1256
557	363
557	692
557	1191
558	270
558	344
558	765
558	1213
558	1381
559	247
559	382
559	557
559	801
560	40
560	289
560	821
560	998
560	1362
561	204
561	324
561	499
561	620
562	1159
563	70
563	158
563	420
563	600
563	723
563	1342
564	1061
564	1480
565	401
565	663
565	1018
565	1324
566	228
566	580
567	89
567	135
567	1127
567	1304
568	457
569	10
569	185
569	438
569	783
569	861
569	1079
570	478
570	681
571	516
571	706
571	899
571	1036
572	642
572	842
572	937
572	1106
572	1176
572	1284
572	1422
572	1461
573	111
573	974
574	880
575	53
575	261
575	918
575	1219
575	1262
576	305
576	361
576	538
576	559
576	741
576	1403
576	1444
577	955
577	1241
577	1384
578	29
578	763
578	1147
578	1199
579	213
579	342
579	622
579	802
579	992
579	1364
580	169
580	284
581	381
581	823
581	1492
582	241
582	324
582	600
583	417
583	497
583	1009
583	1052
583	1325
584	150
585	127
585	1090
585	1123
586	74
586	95
586	722
587	193
587	580
587	661
587	1307
587	1345
588	400
588	476
588	700
588	1471
589	455
589	1071
589	1427
590	436
590	681
590	781
590	1163
591	13
591	861
591	1028
591	1183
592	519
592	898
593	559
593	842
593	936
593	1291
594	37
594	223
594	643
594	1219
595	56
595	880
595	973
595	1273
596	112
596	266
596	301
596	743
596	1108
596	1256
596	1386
596	1408
596	1452
597	362
597	538
597	917
598	762
598	801
598	954
598	1141
598	1237
599	180
599	624
599	1201
599	1365
599	1495
600	322
600	342
600	1049
601	138
601	283
601	380
601	606
601	994
602	247
602	820
603	159
603	205
604	484
604	505
604	709
605	89
605	416
606	588
606	1015
606	1087
606	1334
607	728
607	1315
607	1435
607	1478
608	441
608	666
608	1159
609	26
609	70
609	462
609	567
610	689
610	1066
611	790
611	1125
612	399
612	859
613	841
613	897
613	1295
613	1349
614	5
614	227
614	546
614	934
614	1035
614	1181
614	1417
615	648
615	770
615	1105
615	1219
615	1276
615	1462
616	48
616	124
616	525
616	878
616	972
616	1394
617	188
617	361
617	629
617	1256
618	104
618	264
618	323
618	749
618	916
618	1375
619	303
620	953
620	992
620	1201
620	1237
622	167
622	285
622	342
622	482
622	503
622	608
622	811
623	146
623	209
623	243
623	1142
623	1445
624	381
624	424
625	587
625	710
625	830
625	1013
625	1488
626	1053
626	1076
626	1325
627	448
627	1361
628	31
628	84
628	673
628	730
629	62
629	566
629	1161
630	465
630	1305
631	406
631	692
631	1095
632	789
632	1427
633	13
633	544
633	653
633	771
633	1405
634	126
634	853
634	873
634	896
634	1119
634	1180
635	523
635	1032
635	1283
635	1470
636	105
636	188
636	633
636	934
636	1262
636	1343
637	226
637	364
637	971
637	1219
638	752
638	1242
639	263
639	303
639	324
639	989
639	1384
640	614
640	915
641	168
641	389
641	1138
642	283
642	433
642	952
642	1199
642	1453
642	1496
643	43
643	147
643	346
643	489
643	506
643	594
643	831
643	1067
644	812
644	1005
645	205
645	245
646	1364
647	573
647	712
647	1324
648	65
648	86
648	416
648	1303
649	552
649	674
649	1048
649	1088
649	1157
650	470
650	731
650	1436
651	22
651	451
651	694
651	1109
652	655
652	793
652	874
652	893
653	774
653	1020
653	1173
653	1281
654	855
654	1398
654	1417
654	1479
655	117
655	375
655	531
655	754
655	1234
655	1345
656	634
656	975
657	182
657	932
657	1261
658	136
658	225
658	1128
659	266
659	314
659	333
659	400
659	1216
660	99
660	291
660	836
660	1191
660	1379
661	4
661	160
661	614
661	913
661	953
661	1459
662	357
662	593
663	36
663	512
663	995
664	57
664	203
664	491
664	1068
665	247
665	573
665	816
665	1033
666	430
666	1148
667	1311
668	77
668	713
668	1087
668	1439
669	470
669	551
669	795
669	1247
669	1331
669	1361
670	450
670	675
670	1290
671	694
671	878
671	1051
671	1107
672	388
672	656
672	732
672	753
672	1168
672	1484
674	18
674	279
674	414
674	898
674	1013
674	1204
674	1419
675	140
675	175
675	774
675	970
676	345
676	634
676	859
676	1270
676	1398
677	119
677	305
677	838
678	236
678	532
678	941
678	1129
679	218
679	1228
680	97
680	193
680	371
680	921
680	1466
681	512
681	615
682	261
682	327
682	577
682	990
682	1377
683	1351
683	1499
684	40
684	160
684	493
684	596
684	1185
685	1447
686	60
686	475
686	803
686	820
686	1070
686	1253
687	1031
687	1148
688	78
688	432
689	400
689	557
689	713
689	750
689	1090
689	1112
689	1314
689	1332
690	291
690	453
690	675
690	880
690	1296
691	1426
692	732
692	903
692	958
692	1051
692	1210
693	657
693	694
694	22
694	358
694	786
694	1008
694	1404
695	137
695	202
695	1167
696	244
696	539
696	637
696	768
696	1236
696	1279
697	862
697	976
697	1482
698	120
698	315
698	382
698	844
698	934
699	179
699	273
699	416
699	1361
699	1384
700	223
700	1131
701	104
701	340
701	518
701	616
702	159
702	577
703	497
703	1193
703	1264
703	1464
704	4
704	917
705	42
705	86
705	475
705	597
705	828
706	1026
707	64
707	807
707	1069
707	1107
707	1342
707	1445
708	994
709	299
709	438
709	1150
709	1221
710	256
710	457
710	713
710	750
710	890
710	1047
710	1300
710	1320
710	1423
711	559
711	656
711	676
711	1089
712	369
712	949
713	1248
714	194
714	397
714	694
714	870
714	969
714	1176
714	1403
715	326
715	730
715	786
716	23
716	147
716	1380
717	284
717	420
717	537
717	766
717	1281
718	126
718	237
718	352
718	635
718	849
718	1485
719	172
719	1205
720	216
720	517
720	1011
720	1120
721	1360
722	83
722	104
722	576
722	615
722	909
722	931
723	497
723	828
723	1465
724	47
724	309
724	1138
724	1233
725	3
725	266
725	479
725	1339
726	382
726	988
727	595
727	1032
727	1057
728	807
728	1163
728	1264
728	1430
728	1448
729	64
729	654
729	1077
729	1318
730	440
730	1188
731	460
731	551
731	743
731	890
731	1100
732	676
732	717
732	871
732	956
733	339
733	406
733	1298
733	1410
734	204
734	249
734	696
734	786
734	1388
735	154
735	186
735	292
736	32
736	133
736	524
736	1217
737	364
739	423
739	570
739	633
739	766
739	854
739	972
739	1015
740	15
740	111
740	229
740	321
740	836
740	916
740	1247
740	1368
741	90
741	502
741	939
741	1122
741	1146
741	1489
742	1279
742	1471
743	171
743	273
743	1347
744	613
744	997
744	1048
744	1175
745	388
745	482
746	1201
746	1452
747	591
747	816
747	1086
747	1326
748	49
748	69
748	667
748	731
748	1430
749	543
749	795
750	1030
750	1066
750	1104
751	212
751	445
751	464
751	877
751	898
752	303
752	348
752	646
752	752
752	1230
752	1306
752	1409
753	258
753	708
754	1261
754	1389
755	4
755	149
755	562
755	689
755	956
755	980
756	129
756	192
756	370
756	406
756	524
757	107
757	775
757	924
757	1157
758	240
758	328
758	1287
758	1370
759	27
759	1188
760	284
760	427
760	837
760	858
760	1135
760	1479
761	171
761	506
761	627
762	1117
763	89
763	1009
763	1215
763	1350
764	605
765	487
765	577
765	816
765	1457
766	49
766	223
766	939
766	1244
766	1331
767	669
767	718
767	1048
768	309
768	1089
768	1436
769	69
769	388
769	796
769	991
769	1415
770	266
770	469
770	759
770	884
770	908
770	1028
770	1173
771	549
771	650
771	1068
771	1270
771	1314
773	340
773	449
773	738
773	967
773	1201
774	117
774	203
774	360
774	696
774	1395
775	15
775	140
775	530
776	410
776	1295
776	1496
777	160
777	247
777	592
777	1375
778	1149
778	1227
779	36
779	1107
780	182
780	291
780	780
780	845
780	867
781	97
781	429
781	511
781	634
781	824
781	1356
782	616
782	925
782	1129
782	1476
783	318
783	570
783	678
783	950
783	1253
783	1456
784	491
785	226
785	377
785	896
785	987
786	273
786	719
786	1010
786	1188
786	1337
787	56
787	78
787	1048
787	1436
788	473
788	758
788	804
788	1167
788	1417
789	396
789	1029
789	1085
789	1280
790	659
790	1316
791	122
791	552
791	1211
792	1066
793	335
793	455
794	207
794	534
794	599
794	740
794	1238
794	1398
795	143
795	165
795	354
795	701
796	19
796	256
796	967
796	1379
796	1498
797	831
797	880
797	939
797	1106
798	303
798	436
798	910
799	186
799	580
799	788
799	855
799	1145
800	40
800	100
800	416
800	516
801	642
801	1296
801	1359
802	237
802	1126
802	1265
802	1460
802	1478
803	497
803	769
804	281
804	622
804	683
805	370
805	986
805	1008
805	1341
806	1182
806	1440
807	62
807	82
807	560
807	726
807	813
808	323
808	478
808	1047
808	1201
808	1322
808	1421
809	218
809	388
809	925
809	1163
810	1027
810	1223
810	1250
811	115
811	603
811	665
811	952
811	1084
812	137
812	459
812	895
813	262
813	708
813	752
813	840
813	871
813	1066
814	19
814	346
814	540
814	1281
814	1402
815	158
815	1382
816	440
816	1102
817	199
817	1500
818	582
818	1305
819	179
819	302
819	404
819	797
820	241
820	520
820	1122
820	1363
821	650
821	968
821	1142
821	1481
822	34
822	53
822	422
822	778
823	284
823	502
823	631
823	989
823	1461
824	692
824	735
824	854
824	937
824	1239
824	1344
825	96
825	362
825	826
825	912
826	75
826	324
826	563
826	1007
826	1204
827	484
827	1162
827	1184
827	1443
828	221
828	612
828	1424
829	382
829	674
829	881
829	1045
829	1264
830	118
830	1026
830	1322
831	139
831	464
831	717
831	761
832	1082
832	1289
833	543
833	1221
833	1405
834	161
834	1063
835	593
835	809
835	1385
836	12
836	202
836	251
836	340
836	444
836	955
837	270
837	1101
838	1488
839	897
839	1121
840	55
840	181
840	312
840	401
840	525
840	744
840	785
840	840
840	866
841	35
841	657
841	923
841	982
841	1367
842	294
842	422
842	1142
842	1247
842	1349
842	1465
843	572
843	701
843	1306
844	232
844	358
844	507
844	637
845	89
845	1164
845	1273
846	109
846	486
846	615
847	683
847	1003
847	1183
848	376
848	1204
848	1331
848	1427
848	1446
849	71
850	131
850	468
850	552
850	726
850	939
850	1043
851	152
851	328
851	769
851	1228
852	212
852	824
852	965
852	1024
853	596
853	799
853	855
853	907
853	1081
854	450
854	1408
855	255
855	882
855	1062
855	1390
856	6
856	27
856	1118
856	1289
857	1488
858	280
858	433
858	751
859	172
859	390
859	534
859	708
859	1099
859	1258
860	193
860	1313
861	304
861	578
861	667
862	49
862	347
862	410
862	647
862	984
862	1137
862	1158
862	1352
862	1371
862	1468
863	236
864	492
864	514
864	625
865	111
865	782
865	948
866	90
866	840
866	924
867	68
867	1004
867	1177
867	1216
867	1242
868	148
868	367
868	560
868	690
868	811
868	1430
868	1449
869	472
869	736
869	867
869	1197
870	324
870	894
870	1333
871	218
871	605
871	1041
872	130
872	263
872	1274
873	1023
874	31
874	718
874	1078
874	1298
875	426
875	450
875	761
875	1393
875	1412
876	10
876	289
876	965
877	164
877	544
877	1059
877	1117
877	1490
879	201
879	383
879	587
880	908
880	1097
881	245
881	339
881	402
881	502
881	637
881	794
881	823
881	852
882	659
882	939
882	1154
882	1232
882	1356
882	1374
883	182
883	312
883	525
883	1135
883	1256
883	1472
884	52
884	73
884	108
884	880
884	982
885	679
885	1316
886	357
886	568
886	702
886	1454
887	617
887	1172
888	91
888	226
888	273
888	483
888	746
888	774
888	1000
888	1193
889	1214
889	1281
889	1434
890	924
890	1339
891	31
891	145
892	435
892	465
892	839
892	1039
893	124
893	725
894	956
894	1019
895	415
895	809
895	1078
895	1416
896	597
896	1397
897	297
897	372
897	553
897	863
897	1299
897	1494
898	13
898	164
898	254
898	327
898	897
898	1058
898	1114
899	207
899	512
900	1244
901	640
901	662
901	1094
902	64
902	188
902	394
902	450
902	760
902	1152
902	1267
903	535
903	683
903	705
903	787
903	1360
903	1379
904	42
904	578
904	976
904	1133
904	1321
904	1477
905	622
905	1457
906	105
906	236
906	279
906	348
906	493
906	939
906	996
907	827
907	1226
908	83
908	915
908	1170
908	1189
909	1208
910	145
910	880
910	1439
911	474
911	738
911	1341
911	1418
912	310
912	1036
913	848
914	126
914	218
914	368
914	431
914	562
914	606
914	803
915	261
915	720
915	1017
915	1284
916	24
916	411
916	958
917	176
917	518
917	1074
917	1306
917	1399
917	1499
919	1113
920	50
920	334
920	655
920	775
920	1055
920	1250
921	157
921	291
921	385
921	589
921	1376
922	200
922	457
922	676
922	754
922	898
923	91
923	543
923	865
923	1094
923	1149
924	242
924	633
924	822
924	1459
925	501
925	697
925	938
925	1267
925	1357
926	67
926	111
926	977
926	998
926	1130
926	1329
926	1481
927	1211
927	1232
929	1169
930	482
930	917
930	1190
930	1422
931	313
931	356
931	572
931	792
932	10
932	224
932	272
932	437
932	1440
933	37
933	138
933	181
933	399
933	840
934	715
934	1040
934	1290
935	525
935	615
935	734
936	883
936	1021
936	1066
937	960
937	1312
937	1385
938	332
938	417
938	1405
939	374
939	657
939	813
940	253
940	295
940	466
940	554
940	597
940	858
941	162
941	205
941	769
941	1083
941	1110
941	1342
942	1251
942	1468
943	639
943	675
943	938
943	1493
944	54
944	97
944	121
944	1149
945	78
945	693
945	752
945	1003
945	1273
945	1367
946	22
946	448
946	901
946	984
946	1210
946	1230
947	509
947	1130
948	1173
949	234
949	490
949	537
949	786
950	346
950	581
951	277
951	390
951	829
951	1052
951	1324
951	1426
952	186
952	872
952	1191
952	1449
953	143
953	920
954	320
954	624
954	1095
954	1299
955	431
955	1029
956	363
956	710
956	729
956	803
957	967
957	1479
958	7
958	37
958	216
958	259
958	407
958	562
958	606
958	847
958	1385
959	303
959	949
960	167
960	475
960	1356
960	1407
961	64
961	108
961	1072
961	1157
961	1238
962	1116
962	1258
963	522
963	648
963	668
963	746
963	768
963	890
964	89
964	451
964	1011
965	687
965	1281
965	1340
966	127
966	198
966	991
966	1215
967	243
967	1464
968	379
968	498
968	818
968	1051
968	1136
968	1437
969	287
969	334
969	933
969	1315
970	543
970	590
970	861
970	1092
971	907
971	1176
971	1493
972	151
972	422
972	1373
973	22
973	632
973	787
973	1196
974	354
974	571
975	47
975	225
975	268
975	836
976	179
976	312
976	397
976	703
976	723
977	73
977	466
977	975
977	1034
977	1298
977	1420
978	614
978	878
978	1394
979	1234
980	108
980	439
980	513
980	956
981	745
981	807
981	1153
981	1451
982	657
983	485
983	765
983	1108
983	1255
983	1274
983	1331
983	1353
983	1477
984	134
984	208
984	922
984	1017
984	1079
985	5
985	251
985	556
985	679
986	530
986	998
986	1061
986	1125
987	89
987	161
987	369
987	1213
988	33
988	412
989	598
989	849
989	896
990	296
990	342
990	1171
991	61
991	189
991	324
991	1374
992	456
992	782
992	940
992	1409
993	234
993	579
993	640
993	1044
993	1314
993	1435
994	278
994	386
994	500
994	825
994	1189
995	867
996	715
996	1141
996	1294
996	1462
997	120
997	622
997	695
997	983
997	1095
997	1233
998	429
998	736
998	1491
999	544
999	914
999	962
1000	18
1000	801
1000	1393
1001	146
1001	216
1001	1339
1002	172
1002	475
1002	672
1002	1271
1003	47
1003	259
1003	756
1003	1025
1004	75
1004	103
1004	355
1004	1252
1004	1359
1005	1072
1005	1116
1005	1159
1006	310
1006	402
1006	519
1006	653
1006	884
1006	1005
1006	1202
1007	446
1008	563
1008	841
1008	1420
1009	198
1009	1220
1010	606
1010	1448
1010	1475
1011	333
1011	376
1011	493
1011	775
1011	1053
1012	240
1012	290
1012	930
1012	1322
1013	3
1013	586
1013	817
1013	860
1013	948
1014	903
1014	1178
1015	31
1015	130
1015	538
1015	1093
1015	1135
1015	1303
1016	418
1016	632
1016	1378
1017	87
1017	713
1017	732
1017	1284
1018	269
1018	464
1018	678
1018	991
1019	62
1019	157
1019	222
1019	696
1019	1404
1020	179
1020	794
1020	972
1020	1035
1021	1238
1021	1433
1022	114
1022	393
1022	750
1023	437
1023	508
1023	876
1023	1261
1023	1343
1024	1152
1024	1460
1025	349
1025	655
1025	1078
1026	320
1026	481
1026	1015
1026	1110
1026	1195
1026	1488
1027	366
1027	768
1027	917
1028	16
1028	200
1028	555
1028	832
1028	1362
1029	252
1029	303
1029	526
1029	574
1029	618
1029	1060
1029	1214
1030	43
1031	1391
1032	98
1032	141
1032	598
1032	810
1032	850
1032	956
1033	894
1033	1171
1034	279
1034	1127
1034	1323
1035	233
1035	453
1035	640
1035	937
1035	1302
1035	1418
1036	75
1036	408
1036	674
1037	999
1037	1042
1037	1281
1038	166
1038	381
1038	717
1038	737
1038	1248
1038	1444
1038	1473
1039	498
1039	695
1039	785
1039	979
1040	124
1040	336
1040	1500
1041	427
1041	869
1041	1094
1041	1228
1042	187
1043	28
1043	1146
1043	1345
1043	1376
1044	211
1044	470
1044	1024
1045	57
1045	540
1045	759
1045	912
1045	1185
1046	263
1046	1266
1047	294
1047	357
1047	582
1047	826
1047	1403
1048	802
1048	1073
1048	1205
1049	104
1049	314
1049	518
1049	1114
1050	148
1050	620
1050	1430
1051	560
1051	656
1052	395
1052	888
1052	1458
1053	442
1053	601
1053	845
1053	967
1053	1485
1054	228
1054	247
1054	487
1054	931
1054	1053
1054	1162
1054	1307
1055	12
1055	85
1055	1287
1055	1328
1055	1361
1056	40
1056	637
1056	948
1056	1010
1057	677
1057	698
1057	737
1057	775
1057	865
1058	130
1058	336
1058	417
1058	718
1058	1244
1059	172
1059	197
1059	991
1059	1136
1060	374
1060	460
1060	1221
1060	1387
1061	68
1061	278
1061	1095
1062	1414
1063	1033
1064	112
1064	907
1064	1178
1064	1442
1065	502
1065	1264
1066	540
1066	794
1066	1470
1067	577
1067	754
1067	1075
1067	1344
1068	215
1068	298
1068	353
1068	816
1068	1196
1068	1498
1069	321
1069	1116
1070	25
1070	156
1070	521
1070	559
1071	259
1071	617
1071	833
1071	973
1071	1151
1072	402
1072	432
1072	475
1072	657
1072	875
1072	1367
1073	52
1073	237
1073	598
1073	1304
1074	95
1074	1055
1074	1283
1075	138
1075	181
1075	694
1075	1400
1076	855
1076	894
1076	932
1076	952
1076	1235
1077	638
1077	675
1077	736
1077	1016
1077	1324
1078	451
1078	714
1078	775
1078	1427
1079	385
1079	995
1079	1454
1080	1211
1081	75
1081	1254
1081	1482
1082	10
1082	119
1082	279
1082	1168
1083	416
1083	495
1083	1085
1083	1103
1083	1130
1084	39
1084	197
1084	339
1084	366
1084	915
1084	1038
1085	1383
1086	218
1086	313
1086	793
1087	537
1087	557
1088	514
1088	756
1088	1189
1088	1273
1088	1355
1089	166
1089	578
1089	814
1089	836
1090	252
1090	975
1090	1336
1091	296
1091	464
1091	597
1091	1066
1091	1413
1092	145
1093	616
1093	873
1093	1146
1093	1439
1094	103
1094	439
1094	656
1094	1230
1094	1468
1095	60
1095	635
1095	697
1095	893
1095	1294
1095	1496
1096	24
1096	235
1096	397
1096	719
1096	1312
1097	482
1097	676
1097	855
1097	935
1097	956
1097	1009
1098	85
1098	353
1098	1117
1100	186
1100	268
1100	326
1100	738
1100	774
1100	1028
1100	1206
1100	1250
1100	1371
1101	128
1101	422
1101	1165
1101	1396
1102	990
1102	1050
1103	378
1104	207
1104	1093
1105	520
1105	914
1106	557
1106	796
1106	1271
1106	1425
1106	1454
1108	43
1108	452
1108	499
1108	833
1108	1182
1108	1329
1108	1480
1109	154
1109	285
1109	539
1109	575
1110	10
1110	309
1110	595
1110	814
1110	1071
1110	1135
1111	757
1111	1350
1112	69
1112	614
1112	1223
1113	112
1113	250
1113	341
1113	895
1113	971
1114	171
1114	227
1114	409
1114	476
1114	634
1114	714
1114	875
1114	1287
1115	653
1116	693
1116	855
1116	1305
1116	1383
1117	94
1117	366
1117	672
1117	1111
1118	433
1118	1012
1118	1154
1118	1242
1118	1410
1119	733
1119	777
1119	931
1119	950
1119	1198
1120	137
1120	390
1120	1033
1121	26
1121	992
1121	1440
1122	191
1122	1465
1123	268
1123	1054
1123	1087
1123	1365
1123	1495
1124	1261
1125	52
1125	324
1125	491
1125	515
1126	208
1126	555
1126	1130
1126	1173
1127	301
1127	459
1127	834
1127	914
1127	1320
1128	795
1128	1216
1129	751
1129	1340
1130	534
1130	575
1130	593
1131	82
1131	158
1131	350
1132	122
1132	283
1132	420
1132	613
1132	1399
1133	233
1133	708
1133	815
1133	971
1133	1423
1134	251
1134	376
1134	632
1134	857
1134	894
1134	1073
1134	1277
1135	652
1135	876
1135	1480
1136	1101
1137	11
1137	37
1137	103
1137	177
1137	690
1137	1235
1137	1449
1138	65
1138	401
1138	444
1138	672
1138	726
1138	768
1138	1145
1138	1189
1138	1297
1140	475
1140	936
1140	955
1140	994
1140	1012
1140	1357
1140	1381
1141	1031
1142	499
1142	1048
1143	139
1143	332
1143	786
1143	1118
1143	1253
1144	311
1144	1207
1145	220
1145	1163
1145	1318
1146	198
1146	552
1147	265
1147	362
1147	518
1147	743
1147	834
1148	917
1148	1464
1149	1495
1150	290
1150	591
1150	1411
1151	82
1151	430
1151	570
1151	1085
1151	1337
1152	51
1152	160
1152	457
1152	612
1152	804
1152	896
1152	1063
1152	1268
1152	1434
1153	25
1153	387
1153	630
1153	854
1153	978
1154	121
1154	537
1154	1135
1154	1224
1155	241
1155	650
1156	344
1156	412
1156	669
1156	711
1156	875
1156	1289
1156	1368
1157	486
1157	690
1157	761
1157	1178
1157	1392
1158	179
1159	99
1160	938
1160	1001
1161	822
1161	958
1161	1020
1161	1105
1161	1480
1162	731
1162	779
1162	1197
1162	1244
1162	1309
1163	10
1163	323
1163	1153
1163	1452
1164	221
1164	280
1164	1042
1165	67
1165	142
1165	369
1165	508
1165	1352
1167	41
1167	199
1167	259
1167	303
1168	443
1168	555
1168	903
1169	467
1169	840
1169	923
1169	1124
1170	400
1170	577
1170	603
1170	1263
1170	1326
1171	796
1171	1409
1171	1426
1172	526
1172	1080
1172	1215
1173	161
1173	626
1173	1375
1174	109
1174	750
1174	979
1174	1061
1175	351
1175	424
1175	646
1175	667
1175	1168
1175	1496
1176	85
1176	241
1176	707
1176	861
1176	1282
1176	1468
1177	382
1177	485
1177	881
1178	24
1178	687
1179	127
1179	812
1179	1096
1179	1234
1180	182
1180	997
1180	1018
1180	1300
1181	57
1181	725
1181	770
1181	944
1181	1142
1181	1187
1181	1343
1181	1392
1181	1441
1182	289
1182	332
1182	542
1183	963
1183	1037
1184	208
1184	456
1185	312
1185	505
1185	903
1185	1116
1186	585
1186	831
1187	269
1187	1252
1187	1361
1188	225
1188	564
1188	1207
1188	1485
1189	146
1189	409
1189	606
1189	789
1189	1318
1190	366
1191	99
1191	434
1191	922
1191	1159
1191	1457
1192	8
1192	628
1192	738
1192	852
1192	1413
1193	39
1193	74
1193	1075
1194	166
1194	252
1194	521
1194	649
1194	1053
1195	477
1195	669
1195	694
1195	1271
1196	388
1196	983
1197	119
1197	757
1197	1227
1198	195
1198	713
1198	872
1198	892
1198	1097
1198	1132
1198	1337
1198	1380
1199	809
1199	1293
1199	1431
1200	301
1200	345
1200	545
1200	941
1200	1006
1200	1178
1201	1027
1202	495
1202	1474
1203	236
1203	323
1203	451
1204	22
1204	280
1204	829
1204	961
1204	1200
1205	578
1205	777
1205	1243
1206	1400
1207	56
1207	181
1207	215
1207	424
1207	1149
1207	1313
1208	135
1208	600
1208	1356
1209	91
1209	621
1209	911
1209	1115
1209	1496
1210	364
1210	1448
1211	404
1211	852
1212	260
1212	469
1212	512
1212	684
1212	729
1212	1047
1212	1262
1213	154
1213	560
1213	642
1213	1069
1214	111
1214	1419
1215	663
1215	793
1215	992
1215	1090
1215	1219
1216	38
1216	73
1216	1375
1217	340
1217	382
1217	532
1217	704
1217	749
1217	931
1217	974
1217	1165
1217	1332
1218	888
1218	1282
1219	306
1219	439
1219	869
1219	1468
1220	240
1220	1013
1220	1190
1221	13
1221	487
1221	768
1222	174
1222	197
1222	285
1222	835
1223	812
1223	1132
1223	1302
1224	951
1224	1395
1225	581
1225	1031
1225	1237
1225	1437
1226	220
1226	325
1226	601
1226	907
1226	1107
1227	459
1227	1351
1227	1485
1228	128
1228	547
1229	416
1229	504
1229	623
1229	1258
1230	722
1231	94
1231	269
1231	1054
1231	1077
1232	55
1232	146
1232	354
1232	397
1232	644
1232	683
1232	1206
1232	1320
1233	373
1233	1150
1234	664
1234	993
1234	1176
1234	1413
1234	1456
1235	740
1235	849
1235	970
1236	35
1236	74
1236	783
1236	922
1236	1370
1236	1500
1237	111
1237	249
1237	523
1237	566
1238	435
1238	477
1238	700
1238	1276
1239	164
1239	760
1239	804
1239	826
1239	1120
1240	187
1240	887
1241	293
1241	868
1241	1223
1241	1296
1241	1339
1241	1386
1242	206
1242	313
1242	336
1242	938
1242	1014
1242	1094
1242	1431
1243	1036
1245	18
1245	230
1245	541
1245	1249
1245	1475
1246	452
1246	496
1247	602
1247	1065
1247	1191
1248	584
1248	1164
1249	274
1249	409
1249	953
1249	1136
1250	384
1250	619
1251	131
1251	638
1251	723
1251	905
1251	1316
1251	1359
1251	1402
1252	92
1252	359
1252	984
1253	55
1253	660
1253	1446
1254	514
1254	681
1254	844
1255	151
1255	255
1255	469
1255	702
1255	809
1255	1108
1255	1494
1256	743
1256	766
1256	1207
1256	1266
1257	36
1257	74
1257	112
1257	174
1257	426
1257	560
1257	1233
1258	787
1258	1003
1258	1081
1258	1421
1259	926
1259	1050
1260	883
1260	968
1260	1378
1260	1464
1261	317
1261	339
1261	862
1261	1178
1261	1286
1261	1335
1262	194
1262	216
1262	298
1262	531
1262	1025
1263	14
1263	827
1263	1149
1264	238
1264	487
1265	444
1265	1124
1265	1304
1266	579
1267	373
1267	399
1268	279
1268	944
1269	599
1269	902
1269	1246
1269	1398
1270	621
1270	641
1270	1095
1270	1355
1270	1480
1271	549
1272	505
1272	662
1272	1219
1272	1437
1273	135
1273	460
1273	683
1273	722
1273	1067
1273	1194
1274	93
1274	156
1274	418
1274	703
1274	759
1275	55
1275	356
1275	802
1275	987
1275	1042
1275	1166
1275	1322
1276	113
1276	258
1276	740
1276	1008
1277	780
1277	845
1277	964
1277	1457
1278	74
1278	1262
1279	37
1279	320
1279	867
1279	918
1279	1138
1279	1416
1279	1499
1280	178
1280	199
1281	221
1281	477
1281	523
1281	1280
1281	1370
1282	384
1282	568
1282	823
1282	1111
1283	19
1283	300
1283	889
1284	1298
1284	1344
1285	340
1285	934
1285	1026
1285	1387
1286	435
1286	1083
1287	241
1287	280
1287	1207
1287	1236
1288	612
1289	497
1289	541
1289	589
1289	636
1289	1180
1290	1054
1290	1154
1290	1476
1291	408
1291	453
1291	657
1292	679
1292	953
1292	1328
1292	1437
1293	152
1293	789
1294	112
1294	132
1294	700
1294	721
1294	764
1294	976
1294	997
1295	366
1295	857
1295	1125
1296	56
1296	93
1296	742
1296	907
1296	1402
1297	192
1297	261
1297	837
1297	1254
1298	393
1298	514
1298	808
1298	1098
1298	1311
1298	1456
1298	1496
1299	75
1299	172
1299	1221
1299	1358
1300	36
1300	215
1300	323
1300	556
1300	880
1300	1069
1301	470
1301	1195
1301	1276
1301	1421
1302	16
1302	422
1302	1015
1303	305
1303	348
1304	926
1304	1038
1304	1167
1304	1381
1305	234
1305	286
1305	576
1305	1140
1306	488
1306	531
1307	1293
1308	598
1308	618
1309	445
1309	639
1310	380
1310	660
1310	946
1310	1112
1310	1337
1311	681
1311	779
1312	702
1312	822
1312	968
1312	1237
1312	1476
1313	151
1313	251
1313	719
1313	893
1313	1084
1314	133
1314	738
1314	1211
1315	115
1315	403
1315	758
1315	845
1315	865
1315	989
1315	1440
1316	95
1316	504
1316	798
1316	1055
1316	1398
1317	206
1317	1183
1317	1317
1318	56
1318	270
1318	361
1318	545
1318	1361
1319	75
1319	184
1319	335
1319	427
1319	1155
1319	1496
1320	461
1320	910
1320	1010
1320	1254
1321	18
1321	38
1321	165
1321	1030
1321	1275
1321	1420
1321	1459
1322	315
1322	1128
1323	227
1324	522
1324	562
1324	1101
1325	294
1325	482
1325	1297
1326	582
1326	927
1326	1377
1328	384
1328	1072
1328	1197
1329	602
1329	621
1329	637
1329	656
1329	1225
1329	1346
1330	247
1330	677
1330	698
1330	880
1331	944
1331	1170
1332	440
1332	778
1332	815
1332	836
1332	962
1333	347
1333	719
1333	740
1333	983
1333	1045
1333	1143
1334	1327
1334	1479
1335	144
1335	416
1335	760
1335	858
1335	1400
1335	1437
1336	101
1336	123
1336	205
1336	279
1336	1003
1337	80
1337	500
1337	796
1337	901
1337	1116
1338	458
1338	538
1338	1499
1339	18
1339	59
1339	1088
1339	1242
1339	1265
1340	38
1340	186
1340	368
1340	398
1340	1458
1341	165
1341	262
1341	326
1341	1211
1341	1308
1341	1363
1343	305
1343	557
1343	1059
1343	1284
1344	220
1344	1023
1344	1184
1344	1416
1345	920
1345	1386
1346	239
1346	476
1346	578
1346	598
1346	1158
1347	518
1348	1130
1349	618
1349	660
1349	679
1350	430
1350	639
1350	841
1350	879
1350	941
1351	698
1352	736
1352	819
1352	1102
1352	1343
1353	286
1353	717
1353	757
1353	960
1353	981
1354	344
1354	385
1354	451
1354	778
1354	1074
1354	1227
1355	99
1355	139
1355	494
1355	799
1355	861
1355	1003
1355	1322
1355	1473
1356	78
1356	120
1356	1041
1357	898
1357	1202
1357	1445
1357	1493
1358	15
1358	58
1358	201
1358	409
1358	1251
1358	1297
1359	159
1359	1172
1359	1271
1359	1428
1360	263
1360	321
1360	537
1360	1402
1361	36
1361	180
1361	364
1361	1377
1362	557
1362	1145
1363	1118
1364	221
1364	467
1364	1023
1364	1358
1365	244
1365	578
1365	919
1366	303
1366	514
1366	599
1366	1091
1368	619
1368	640
1368	677
1368	1057
1369	440
1369	658
1369	940
1370	279
1370	697
1370	836
1370	1187
1371	981
1371	1338
1371	1460
1372	484
1372	717
1372	736
1372	878
1372	1216
1372	1316
1373	336
1373	397
1373	773
1373	1237
1374	101
1374	423
1374	754
1374	793
1374	816
1374	856
1374	961
1374	1003
1374	1160
1374	1417
1375	82
1376	120
1376	140
1376	161
1376	354
1376	1283
1376	1387
1376	1481
1377	62
1377	898
1378	378
1378	1132
1378	1259
1378	1500
1379	42
1379	199
1379	1079
1379	1440
1380	20
1380	550
1380	1039
1380	1106
1381	180
1381	499
1381	530
1382	1366
1383	238
1383	457
1383	573
1383	1302
1384	218
1384	259
1384	320
1384	1201
1385	593
1385	929
1385	1403
1386	300
1386	615
1387	281
1387	411
1387	1063
1387	1175
1388	636
1389	658
1389	677
1389	1020
1389	1148
1390	478
1390	979
1390	1324
1390	1346
1390	1459
1391	695
1391	714
1391	799
1391	838
1391	911
1392	436
1392	776
1392	873
1392	998
1393	734
1393	944
1393	1241
1394	101
1394	363
1394	512
1394	818
1394	1092
1394	1274
1395	138
1395	389
1395	756
1395	963
1395	1119
1395	1220
1396	81
1396	1425
1397	40
1397	60
1397	120
1397	342
1397	855
1397	890
1397	1479
1398	1
1398	157
1398	1050
1399	177
1399	1382
1400	197
1400	536
1400	554
1400	1258
1401	20
1401	219
1401	1189
1401	1361
1402	576
1402	1293
1402	1444
1403	240
1403	261
1403	321
1403	465
1403	1161
1403	1404
1404	1033
1404	1134
1405	282
1405	494
1405	597
1405	617
1405	1313
1406	1077
1407	302
1407	421
1407	638
1407	1005
1408	657
1408	922
1408	1105
1409	447
1409	1207
1410	675
1410	793
1410	1336
1411	378
1411	714
1412	404
1412	519
1412	694
1412	752
1412	835
1412	943
1412	983
1412	1234
1413	732
1413	772
1413	813
1413	875
1414	100
1414	899
1414	1463
1415	43
1415	81
1415	138
1415	338
1415	1176
1415	1485
1417	177
1417	360
1417	477
1417	855
1417	963
1417	1019
1417	1421
1418	61
1418	563
1418	1062
1418	1275
1418	1378
1419	119
1419	157
1419	1147
1420	5
1420	215
1420	1254
1420	1355
1421	196
1421	433
1421	1090
1421	1121
1422	24
1422	541
1422	1317
1422	1398
1422	1441
1423	235
1423	256
1423	278
1423	585
1423	1044
1423	1295
1424	610
1424	1218
1425	631
1426	318
1426	390
1426	502
1426	916
1426	1193
1427	297
1427	999
1428	458
1428	653
1428	793
1429	889
1429	938
1429	1163
1430	829
1431	414
1431	673
1431	713
1431	754
1431	1337
1432	1477
1433	484
1433	692
1433	732
1433	980
1434	82
1434	523
1434	775
1434	1074
1434	1456
1435	350
1435	371
1435	809
1435	1030
1435	1104
1435	1137
1436	44
1436	100
1436	137
1436	871
1436	1235
1436	1419
1437	175
1437	439
1437	554
1437	850
1437	1276
1437	1379
1438	958
1438	1357
1439	216
1439	331
1439	574
1439	1255
1439	1498
1440	63
1440	119
1440	157
1440	238
1440	598
1440	1211
1440	1314
1441	19
1441	1398
1442	277
1442	396
1442	904
1442	1012
1442	1054
1442	1179
1443	196
1443	623
1444	258
1444	1296
1445	929
1445	1438
1446	469
1446	1124
1446	1155
1447	314
1447	645
1448	498
1448	1088
1449	830
1450	293
1450	425
1450	666
1450	751
1450	992
1450	1474
1451	538
1451	729
1451	792
1451	1195
1452	356
1452	452
1452	708
1452	769
1452	1035
1452	1327
1453	687
1454	32
1454	78
1454	886
1454	971
1454	1370
1455	379
1455	408
1455	517
1455	865
1455	946
1455	1226
1455	1414
1456	582
1456	1345
1456	1457
1457	97
1457	138
1457	181
1457	812
1457	1067
1457	1247
1458	53
1458	231
1458	335
1458	560
1458	604
1458	915
1458	1110
1458	1269
1459	120
1459	163
1459	845
1459	1287
1460	10
1460	209
1460	1014
1460	1172
1460	1490
1461	1139
1461	1389
1462	626
1463	251
1463	274
1463	481
1464	1309
1464	1433
1466	313
1466	438
1466	646
1466	1048
1466	1207
1467	1089
1468	777
1469	735
1469	900
1469	956
1469	987
1470	293
1470	396
1470	461
1470	500
1470	536
1470	664
1470	1361
1471	797
1471	931
1471	1158
1472	67
1472	148
1472	349
1472	755
1472	1404
1473	24
1473	191
1473	699
1473	826
1473	874
1473	1333
1474	368
1474	419
1474	680
1474	716
1474	1122
1474	1472
1475	574
1475	1028
1475	1188
1476	111
1476	1230
1476	1451
1477	86
1477	517
1477	554
1477	596
1477	850
1477	1071
1477	1291
1478	42
1478	219
1478	1248
1478	1269
1478	1495
1479	617
1479	973
1479	1004
1480	172
1480	1379
1480	1422
1481	239
1481	263
1482	129
1482	325
1482	1102
1483	384
1483	1311
1484	638
1484	916
1484	1050
1485	479
1485	947
1485	1143
1485	1214
1485	1351
1486	444
1486	1171
1487	774
1487	891
1488	305
1488	813
1489	12
1489	203
1489	738
1489	1396
1490	55
1490	153
1490	283
1490	343
1490	404
1490	864
1491	100
1491	658
1491	1083
1491	1439
1492	499
1492	835
1492	1199
1492	1482
1493	426
1493	462
1493	758
1493	793
1493	989
1493	1014
1494	535
1494	598
1494	719
1494	1123
1494	1278
1495	75
1495	362
1495	577
1495	699
1495	1032
1495	1326
1496	556
1496	678
1496	962
1497	32
1497	184
1497	933
1497	1369
1497	1461
1498	226
1498	249
1498	516
1498	617
1498	1234
1499	1255
1499	1414
1500	907
1500	1062
1500	1156
1500	1298