366
0
6
8
14
20
21
32
35
38
40
43
44
49
50
54
60
75
85
88
94
100
102
107
116
119
121
123
124
125
127
133
134
141
155
158
180
183
191
196
198
202
203
204
207
210
233
235
236
241
263
265
267
270
275
279
287
292
297
302
304
311
314
315
320
342
343
344
352
354
358
359
360
361
365
370
373
383
410
414
421
425
430
431
437
443
445
460
470
472
473
474
480
485
486
492
493
495
500
502
503
504
508
520
525
537
538
539
548
561
564
565
566
579
580
588
598
601
604
610
614
620
634
635
637
646
655
656
661
667
680
681
682
683
684
698
699
701
702
703
705
707
712
719
724
738
742
746
752
759
772
773
777
778
790
799
808
818
827
835
845
846
850
851
854
857
859
864
870
875
880
884
885
895
898
900
907
909
911
915
920
927
928
929
940
943
956
959
965
972
976
978
990
994
1004
1009
1010
1034
1040
1045
1051
1052
1054
1055
1061
1063
1071
1073
1076
1077
1085
1089
1096
1100
1104
1107
1108
1112
1122
1126
1136
1142
1151
1153
1156
1157
1158
1174
1177
1179
1195
1197
1200
1215
1217
1219
1220
1225
1229
1230
1232
1239
1242
1245
1252
1257
1260
1261
1270
1287
1291
1296
1299
1306
1310
1314
1323
1327
1328
1329
1335
1339
1346
1349
1352
1353
1354
1356
1394
1405
1409
1410
1411
1412
1414
1426
1428
1430
1434
1441
1449
1452
1455
1461
1467
1471
1473
1480
1481
1483
1486
1501
1503
1504
1508
1509
1511
1515
1523
1527
1529
1536
1541
1550
1570
1575
1587
1591
1592
1595
1597
1607
1609
1620
1621
1627
1632
1640
1643
1648
1655
1657
1660
1664
1668
1677
1682
1683
1688
1692
1694
1697
1705
1706
1723
1726
1729
1730
1734
1736
1740
1742
1745
1747
1761
1775
1784
1789
1804
1808
1814
1818
1824
1826
1838
1839
1847
1852
1853
1862
1869
1872
1874
1882
1883
1887
1889