1150
15.707
18.45
23.124
14.695
16.207
28.409
15.339
14.087
15.288
16.207
17.414
23.124
15.707
16.456
37.141
23.974
25.667
15.707
14.952
14.952
16.789
32.547
14.087
46.305
16.789
23.974
16.207
16.456
17.414
58.581
12.114
19.968
23.974
12.266
21.553
83.914
28.083
20.554
46.305
15.339
21.553
14.952
23.629
15.707
23.629
17.6
20.554
14.695
25.667
21.553
12.266
14.952
46.305
83.914
23.433
46.305
32.547
34.547
14.695
14.695
83.914
15.288
34.547
25.667
14.695
16.207
46.305
42.615
14.952
16.089
32.547
16.089
42.615
58.581
14.952
16.456
15.707
28.409
16.089
15.707
58.581
12.114
14.952
23.974
58.581
16.789
34.547
23.629
46.305
14.952
16.207
37.141
18.45
19.441
16.456
19.968
58.581
58.581
14.285
42.615
23.629
16.789
14.285
23.124
18.45
28.083
15.339
23.629
15.707
23.433
19.968
25.667
15.288
19.968
12.266
23.433
20.554
12.266
15.707
17.6
58.581
32.547
46.305
15.288
23.974
17.424
32.547
15.288
14.952
12.266
25.667
16.207
16.089
23.433
14.087
16.789
42.615
23.124
16.089
15.339
32.547
16.456
64.335
17.424
34.547
16.207
37.141
37.141
18.45
14.087
34.547
23.124
16.207
64.335
64.335
23.974
20.554
23.629
23.124
15.707
16.789
14.952
17.414
16.789
16.456
21.553
16.456
23.124
23.124
21.553
42.615
21.553
16.789
19.441
19.441
12.266
28.083
15.288
23.974
14.695
32.547
16.207
23.433
16.789
34.547
15.288
23.974
37.141
14.285
17.414
19.968
12.266
64.335
46.305
17.424
12.266
17.414
14.695
15.288
15.288
15.339
17.414
16.207
42.615
16.207
19.968
12.266
15.288
34.547
16.089
23.974
64.335
25.667
15.288
64.335
16.789
17.6
14.285
37.141
17.6
20.554
14.952
23.124
37.141
21.553
23.629
12.266
64.335
17.414
15.288
17.6
14.285
12.266
21.553
15.339
23.629
83.914
16.089
12.266
14.285
17.414
23.124
17.414
19.441
37.141
23.124
37.141
32.547
28.409
17.414
15.339
16.456
15.707
16.456
16.789
46.305
18.45
15.288
23.629
19.441
25.667
16.089
14.695
23.433
23.124
58.581
16.456
23.974
16.789
15.707
16.456
16.089
28.083
15.339
23.433
14.087
15.707
32.547
58.581
12.266
34.547
20.554
14.087
15.288
42.615
17.424
25.667
28.083
58.581
32.547
14.087
15.707
42.615
37.141
25.667
18.45
18.45
46.305
18.45
58.581
15.707
15.288
46.305
16.456
18.45
19.441
23.629
42.615
19.968
46.305
12.266
16.089
14.087
14.087
37.141
16.789
19.968
16.089
19.441
14.952
14.952
21.553
12.114
14.695
23.124
28.409
16.207
23.629
16.207
46.305
14.952
15.288
28.083
19.968
12.266
42.615
15.339
23.974
37.141
34.547
25.667
25.667
17.424
58.581
15.707
12.114
16.089
42.615
19.441
16.089
16.207
42.615
37.141
23.124
37.141
16.207
14.087
14.695
14.952
16.089
28.083
19.968
16.789
16.207
25.667
37.141
83.914
23.974
23.629
14.952
19.441
18.45
17.414
28.083
16.089
23.974
23.433
32.547
15.707
37.141
23.124
14.285
37.141
21.553
23.629
15.707
58.581
15.339
17.6
28.083
42.615
19.968
23.974
23.124
14.087
15.339
15.288
23.629
42.615
16.207
14.087
17.424
16.789
34.547
17.424
21.553
23.629
12.114
37.141
64.335
21.553
14.087
19.968
23.124
15.707
15.288
42.615
28.083
17.414
17.6
23.433
42.615
12.114
28.083
32.547
17.424
18.45
32.547
83.914
16.789
23.629
16.789
14.285
64.335
15.288
20.554
37.141
28.409
23.124
17.414
16.456
58.581
21.553
12.114
19.441
20.554
17.6
19.441
32.547
15.707
21.553
23.124
17.6
37.141
23.629
83.914
16.456
37.141
15.707
14.087
25.667
14.695
23.433
16.789
16.089
23.629
20.554
18.45
34.547
16.456
28.083
16.089
19.441
17.414
64.335
64.335
15.707
28.083
23.974
46.305
17.6
32.547
28.083
14.087
23.629
19.441
64.335
64.335
37.141
23.124
64.335
20.554
15.707
32.547
14.087
14.087
16.456
28.083
15.339
12.266
16.456
19.968
23.629
16.089
18.45
17.6
37.141
58.581
23.124
32.547
15.707
16.207
46.305
58.581
14.695
28.083
12.266
15.339
12.266
14.087
83.914
25.667
37.141
64.335
58.581
23.629
23.124
19.968
16.456
37.141
14.695
15.707
46.305
37.141
37.141
34.547
18.45
18.45
12.114
16.089
20.554
19.441
19.968
34.547
83.914
17.424
32.547
15.339
58.581
14.695
14.695
25.667
23.974
16.456
14.695
58.581
23.974
12.114
23.124
12.266
19.441
17.424
23.629
64.335
42.615
17.424
17.6
19.968
16.207
64.335
58.581
14.087
28.083
23.974
14.952
16.207
23.433
17.424
23.974
14.952
15.339
14.695
15.288
14.952
18.45
34.547
14.087
23.629
42.615
16.456
14.695
64.335
32.547
19.441
15.707
20.554
42.615
28.083
28.083
32.547
17.414
17.424
16.456
16.456
17.414
16.207
21.553
28.083
32.547
16.789
64.335
58.581
17.6
15.339
16.789
46.305
17.414
25.667
19.441
17.6
28.409
17.6
23.433
46.305
19.441
23.629
37.141
46.305
58.581
28.409
23.433
16.207
21.553
16.089
14.285
83.914
16.789
17.414
15.339
20.554
28.083
16.456
17.414
15.288
58.581
20.554
23.974
14.695
20.554
23.629
14.952
28.083
16.456
14.285
28.083
16.207
21.553
23.433
14.285
46.305
17.414
20.554
17.414
46.305
14.952
15.707
16.207
25.667
16.207
14.695
28.083
23.124
12.114
20.554
14.695
12.266
28.083
23.974
46.305
34.547
19.968
23.433
64.335
16.089
28.083
42.615
42.615
12.114
12.114
28.409
15.339
23.433
17.414
34.547
15.339
25.667
23.433
28.409
37.141
17.414
19.441
32.547
37.141
12.114
15.339
14.695
16.207
15.707
15.339
17.6
17.6
58.581
25.667
19.441
17.6
14.087
12.266
21.553
16.456
21.553
58.581
20.554
42.615
23.433
14.087
28.083
23.124
37.141
23.629
15.339
46.305
23.124
25.667
28.409
23.974
46.305
12.114
15.707
23.629
28.409
23.629
25.667
12.266
14.695
17.6
16.789
58.581
28.083
25.667
14.285
16.456
21.553
18.45
42.615
23.974
19.968
25.667
15.707
25.667
16.789
18.45
14.087
15.707
23.629
21.553
14.952
15.707
21.553
15.707
17.424
58.581
12.266
14.695
21.553
42.615
23.124
12.114
34.547
20.554
42.615
16.207
64.335
16.456
12.114
17.424
46.305
19.968
23.974
37.141
28.409
46.305
58.581
23.974
23.629
17.424
14.695
28.083
64.335
15.339
14.695
23.433
64.335
15.339
64.335
16.456
37.141
20.554
21.553
28.409
19.441
18.45
16.789
16.089
23.124
15.707
14.952
12.114
37.141
15.339
16.207
16.089
20.554
15.339
14.695
17.6
58.581
12.114
28.083
58.581
17.424
12.114
14.087
58.581
14.285
19.968
15.288
23.124
23.124
12.114
21.553
23.124
28.083
16.089
23.124
46.305
28.409
16.207
19.968
28.409
23.974
16.089
17.414
64.335
20.554
17.6
14.285
12.114
19.441
64.335
32.547
42.615
15.288
17.414
16.207
19.441
58.581
21.553
46.305
12.114
25.667
14.695
19.968
37.141
64.335
12.266
23.974
16.089
18.45
14.952
16.089
15.288
14.285
18.45
16.207
14.952
17.424
64.335
14.952
46.305
16.456
46.305
14.285
15.339
14.087
16.456
19.441
15.288
83.914
42.615
23.124
23.433
23.974
23.974
16.456
28.083
16.207
34.547
23.124
15.707
15.288
28.083
17.414
37.141
37.141
23.629
23.974
19.968
32.547
12.266
16.456
17.424
16.456
18.45
12.266
46.305
23.124
14.952
15.339
19.968
58.581
16.789
58.581
28.083
42.615
14.695
64.335
14.695
16.789
18.45
23.433
12.266
20.554
28.083
16.207
14.695
83.914
23.124
28.409
23.433
14.952
14.952
17.6
83.914
19.441
14.952
19.968
23.433
16.207
17.424
23.629
83.914
14.695
15.707
15.288
12.114
18.45
17.424
19.968
18.45
15.288
17.414
58.581
23.124
14.695
58.581
17.424
16.089
32.547
34.547
15.339
16.456
14.285
23.124
17.424
17.424
34.547
28.409
16.789
14.695
14.087
19.441
16.207
14.695
16.789
28.083
46.305
46.305
17.6
20.554
19.968
64.335
37.141
20.554
12.114
58.581
64.335
19.441
21.553
64.335
17.414
19.968
21.553
34.547
16.789
28.083
64.335
16.456
16.207
17.6
17.6
58.581
28.409
16.089
18.45
12.114
42.615
23.974
17.424
15.339
46.305
19.441
12.114
16.089
17.414
17.424
23.974
34.547
20.554
16.456
15.288
14.695
64.335
25.667
20.554
15.339
18.45
16.456
23.629
25.667
17.414
25.667
23.124
20.554
14.695
14.952
25.667
14.952
23.433
17.6
17.414
15.707
58.581
64.335
17.6
23.124
17.424
16.456
14.285
20.554
46.305
15.707
58.581
16.456
16.089
12.266
34.547
17.424
17.424
83.914
28.409
21.553
42.615
32.547
14.285
64.335
12.114
17.6
15.707
21.553
16.207
32.547
23.974
20.554
14.285
23.124
23.629
25.667
16.089
14.695
21.553
23.124
16.456
17.424
46.305
19.968
21.553
20.554
46.305
19.968
46.305
12.114
17.424
16.789
23.124
14.087
23.629
37.141
46.305
16.456
28.083
23.974
14.952
34.547
21.553
15.707
37.141
23.974
28.409
28.409
83.914
15.707
15.288
23.433
23.974
16.789
14.695
46.305
15.707
21.553
83.914
16.089
37.141
16.089
17.6
23.433
19.968
23.433
17.424
28.083
17.6
