1150
161.96
340.11
333.71
250.72
340.11
181.78
638.1
531.47
128.05
299.86
501.59
128.05
138.29
250.72
128.05
181.78
344.13
172.43
181.78
128.05
384.31
181.78
139.84
199.13
638.1
226
165.35
277.18
161.96
803.97
344.13
344.13
139.84
37.797
263.43
172.43
680.9
803.97
344.13
250.72
32.179
100.67
100.67
340.11
434.1
203.83
203.83
351.15
277.18
344.13
501.59
384.31
150.81
181.78
501.59
680.9
199.13
384.31
638.1
340.11
299.86
128.05
128.05
100.67
107.08
384.31
161.96
181.78
434.1
428.4
531.47
37.797
428.4
638.1
139.84
351.15
277.18
199.13
165.35
997.42
150.81
263.43
434.1
638.1
181.78
531.47
263.43
199.13
351.15
263.43
250.72
37.797
434.1
199.13
172.43
344.13
501.59
638.1
37.797
277.18
333.71
434.1
181.78
198.84
161.96
340.11
120.07
100.67
150.81
384.31
434.1
198.84
638.1
997.42
139.84
161.96
199.13
568
501.59
37.797
199.13
150.81
250.72
226
680.9
340.11
138.29
351.15
172.43
172.43
531.47
161.96
138.29
172.43
340.11
161.96
501.59
100.67
203.83
531.47
161.96
568
853.77
150.81
568
37.797
37.797
139.84
181.78
150.81
165.35
172.43
853.77
172.43
203.83
568
434.1
107.08
299.86
165.35
803.97
139.84
32.179
250.72
428.4
161.96
199.13
803.97
531.47
351.15
250.72
32.179
128.05
997.42
203.83
199.13
172.43
638.1
128.05
107.08
434.1
226
340.11
32.179
37.797
150.81
568
100.67
638.1
531.47
139.84
128.05
853.77
333.71
501.59
199.13
139.84
37.797
277.18
226
250.72
199.13
344.13
344.13
351.15
344.13
161.96
680.9
333.71
203.83
172.43
203.83
434.1
165.35
203.83
138.29
100.67
181.78
263.43
203.83
150.81
299.86
638.1
853.77
172.43
120.07
351.15
37.797
32.179
250.72
568
107.08
181.78
150.81
100.67
128.05
100.67
37.797
138.29
150.81
384.31
120.07
277.18
138.29
198.84
199.13
172.43
434.1
250.72
299.86
333.71
199.13
501.59
263.43
138.29
165.35
37.797
333.71
37.797
428.4
128.05
128.05
501.59
344.13
138.29
172.43
120.07
128.05
568
161.96
138.29
138.29
150.81
340.11
340.11
997.42
344.13
568
161.96
568
128.05
384.31
37.797
531.47
139.84
568
351.15
263.43
351.15
226
161.96
351.15
638.1
181.78
37.797
853.77
226
250.72
501.59
139.84
333.71
299.86
333.71
150.81
107.08
203.83
638.1
107.08
37.797
434.1
568
263.43
138.29
568
139.84
150.81
100.67
501.59
344.13
531.47
139.84
853.77
165.35
680.9
351.15
139.84
333.71
128.05
203.83
277.18
568
501.59
32.179
181.78
250.72
853.77
351.15
32.179
172.43
531.47
226
198.84
434.1
428.4
853.77
100.67
100.67
997.42
531.47
198.84
226
638.1
100.67
351.15
32.179
351.15
203.83
226
100.67
853.77
139.84
299.86
853.77
100.67
277.18
344.13
161.96
181.78
138.29
138.29
531.47
680.9
853.77
250.72
434.1
434.1
250.72
150.81
501.59
501.59
531.47
277.18
181.78
568
428.4
277.18
226
263.43
203.83
340.11
333.71
803.97
172.43
344.13
333.71
107.08
531.47
568
165.35
139.84
351.15
181.78
997.42
150.81
128.05
803.97
32.179
37.797
263.43
32.179
107.08
128.05
198.84
128.05
120.07
165.35
250.72
340.11
199.13
165.35
531.47
37.797
299.86
853.77
351.15
384.31
138.29
250.72
263.43
531.47
32.179
138.29
139.84
853.77
120.07
250.72
428.4
181.78
434.1
853.77
277.18
803.97
128.05
568
203.83
138.29
340.11
428.4
250.72
299.86
250.72
128.05
340.11
803.97
344.13
203.83
263.43
299.86
277.18
997.42
501.59
100.67
32.179
351.15
997.42
161.96
139.84
428.4
263.43
226
277.18
803.97
139.84
250.72
150.81
333.71
803.97
120.07
250.72
150.81
226
428.4
351.15
203.83
340.11
351.15
803.97
428.4
434.1
344.13
37.797
803.97
199.13
32.179
138.29
263.43
853.77
384.31
250.72
344.13
531.47
107.08
32.179
384.31
181.78
340.11
37.797
333.71
139.84
107.08
128.05
139.84
100.67
161.96
263.43
37.797
351.15
138.29
138.29
351.15
299.86
344.13
344.13
37.797
997.42
638.1
128.05
161.96
853.77
181.78
250.72
680.9
32.179
263.43
428.4
853.77
803.97
150.81
120.07
299.86
250.72
199.13
161.96
340.11
351.15
803.97
333.71
165.35
32.179
428.4
150.81
803.97
853.77
120.07
120.07
128.05
128.05
384.31
333.71
203.83
226
299.86
250.72
853.77
226
340.11
37.797
434.1
165.35
351.15
428.4
531.47
344.13
428.4
250.72
997.42
203.83
199.13
997.42
568
161.96
531.47
501.59
997.42
120.07
263.43
32.179
120.07
340.11
680.9
344.13
37.797
250.72
997.42
138.29
340.11
161.96
428.4
501.59
172.43
340.11
100.67
199.13
680.9
351.15
351.15
531.47
803.97
428.4
384.31
853.77
32.179
172.43
250.72
203.83
263.43
198.84
333.71
340.11
428.4
199.13
181.78
299.86
107.08
434.1
198.84
107.08
198.84
100.67
351.15
568
680.9
226
277.18
100.67
199.13
299.86
165.35
344.13
351.15
568
340.11
107.08
172.43
568
203.83
277.18
172.43
172.43
853.77
501.59
384.31
150.81
997.42
32.179
340.11
340.11
680.9
172.43
568
299.86
100.67
803.97
203.83
250.72
344.13
150.81
181.78
107.08
680.9
100.67
172.43
263.43
568
501.59
198.84
226
434.1
250.72
32.179
344.13
107.08
165.35
263.43
198.84
128.05
299.86
501.59
434.1
803.97
203.83
138.29
638.1
181.78
250.72
165.35
638.1
428.4
853.77
203.83
199.13
299.86
172.43
351.15
32.179
128.05
100.67
531.47
434.1
638.1
32.179
428.4
340.11
107.08
37.797
138.29
198.84
138.29
333.71
568
199.13
107.08
997.42
853.77
428.4
428.4
434.1
997.42
100.67
120.07
120.07
853.77
181.78
138.29
150.81
501.59
138.29
226
568
198.84
501.59
344.13
37.797
165.35
199.13
531.47
351.15
250.72
263.43
32.179
351.15
250.72
128.05
531.47
120.07
638.1
434.1
501.59
250.72
277.18
226
181.78
198.84
434.1
199.13
150.81
501.59
277.18
199.13
853.77
501.59
333.71
263.43
161.96
853.77
161.96
107.08
250.72
172.43
181.78
428.4
853.77
198.84
501.59
138.29
150.81
138.29
203.83
37.797
226
501.59
299.86
203.83
165.35
263.43
37.797
161.96
37.797
340.11
138.29
250.72
263.43
680.9
277.18
32.179
203.83
333.71
100.67
333.71
172.43
434.1
100.67
997.42
165.35
250.72
340.11
638.1
172.43
250.72
165.35
203.83
172.43
277.18
161.96
32.179
203.83
344.13
351.15
199.13
997.42
680.9
568
107.08
531.47
37.797
434.1
161.96
638.1
344.13
181.78
172.43
803.97
198.84
139.84
128.05
161.96
161.96
139.84
340.11
340.11
172.43
198.84
32.179
277.18
277.18
428.4
638.1
344.13
198.84
263.43
638.1
150.81
428.4
165.35
139.84
263.43
226
181.78
226
120.07
150.81
226
138.29
138.29
138.29
161.96
128.05
501.59
340.11
139.84
165.35
531.47
997.42
138.29
120.07
853.77
120.07
199.13
434.1
351.15
340.11
172.43
165.35
165.35
501.59
680.9
351.15
299.86
37.797
351.15
803.97
501.59
203.83
165.35
263.43
161.96
803.97
203.83
138.29
199.13
384.31
680.9
351.15
568
139.84
344.13
172.43
803.97
150.81
568
428.4
120.07
198.84
333.71
37.797
501.59
277.18
172.43
997.42
139.84
568
853.77
172.43
344.13
172.43
172.43
37.797
165.35
333.71
107.08
139.84
803.97
107.08
199.13
531.47
428.4
198.84
203.83
638.1
428.4
997.42
138.29
150.81
299.86
531.47
997.42
165.35
680.9
120.07
680.9
568
428.4
161.96
803.97
434.1
150.81
139.84
340.11
150.81
277.18
384.31
128.05
997.42
139.84
100.67
434.1
198.84
340.11
501.59
203.83
250.72
199.13
150.81
32.179
172.43
199.13
501.59
351.15
161.96
277.18
340.11
107.08
37.797
250.72
198.84
161.96
803.97
277.18
120.07
434.1
853.77
203.83
997.42
199.13
181.78
299.86
128.05
501.59
344.13
531.47
263.43
333.71
340.11
340.11
638.1
434.1
333.71
568
172.43
199.13
37.797
138.29
37.797
568
128.05
139.84
161.96
344.13
181.78
203.83
333.71
172.43
150.81
568
344.13
428.4
803.97
165.35
853.77
138.29
226
150.81
107.08
198.84
638.1
203.83
226
120.07
853.77
172.43
277.18
199.13
107.08
680.9
340.11
299.86
568
263.43
139.84
803.97
501.59
181.78
344.13
340.11
531.47
120.07
277.18
161.96
428.4
428.4
501.59
340.11
803.97
37.797
351.15
333.71
107.08
997.42
277.18
680.9
351.15
161.96
333.71
501.59
853.77
161.96
32.179
997.42
333.71
203.83
161.96
203.83
150.81
250.72
172.43
199.13
128.05
680.9
199.13
120.07
680.9
997.42
351.15
165.35
997.42
138.29
638.1
531.47
344.13
263.43
100.67
853.77
226
501.59
250.72
203.83
120.07
37.797
120.07
172.43
299.86
501.59
100.67
531.47
226
333.71
531.47
997.42
853.77
638.1
434.1
638.1
181.78
997.42
199.13
120.07
638.1
32.179
428.4
138.29
531.47
501.59
384.31
531.47
680.9
277.18
638.1
853.77
428.4
853.77
