1150
428.63
304.65
150.04
169.39
135.37
245.3
201.11
807.47
536.7
197.99
322.89
678.55
725.11
304.65
135.37
275.32
159.61
217.58
122.39
122.39
452.27
275.32
135.37
124.05
150.85
61.775
66.909
375.83
141.25
135.37
313.12
807.47
201.11
168.46
201.11
304.65
178.79
150.04
428.63
66.909
452.27
61.775
322.89
678.55
285.35
576.21
304.65
369.05
197.99
536.7
141.25
479.88
313.12
135.37
203.65
313.12
322.89
375.83
294.7
576.21
313.12
169.39
246.33
150.04
536.7
169.39
124.05
246.33
122.39
245.3
304.65
169.39
122.39
178.79
124.05
285.35
313.12
275.32
135.37
150.04
150.04
807.47
452.27
536.7
61.775
183.89
313.12
124.05
313.12
479.88
168.46
313.12
66.909
369.05
201.11
322.89
576.21
150.04
122.39
245.3
479.88
183.89
678.55
183.89
807.47
124.05
183.89
159.61
428.63
183.89
725.11
203.65
169.39
536.7
275.32
178.79
266.23
576.21
217.58
178.79
203.65
217.58
375.83
168.46
141.25
150.04
201.11
266.23
678.55
159.61
201.11
150.04
266.23
135.37
322.89
135.37
807.47
725.11
245.3
428.63
124.05
183.89
479.88
294.7
245.3
122.39
536.7
536.7
135.37
246.33
807.47
168.46
217.58
61.775
536.7
322.89
246.33
169.39
159.61
203.65
725.11
201.11
178.79
678.55
536.7
294.7
369.05
369.05
428.63
201.11
275.32
807.47
375.83
178.79
428.63
285.35
169.39
807.47
285.35
452.27
201.11
122.39
375.83
66.909
576.21
197.99
159.61
807.47
135.37
275.32
285.35
807.47
150.85
141.25
61.775
245.3
159.61
61.775
245.3
159.61
428.63
150.85
135.37
197.99
428.63
169.39
217.58
245.3
124.05
135.37
183.89
197.99
150.04
61.775
452.27
150.04
479.88
294.7
178.79
375.83
201.11
66.909
294.7
124.05
304.65
124.05
183.89
246.33
122.39
285.35
150.04
275.32
428.63
203.65
369.05
304.65
150.04
168.46
576.21
678.55
159.61
322.89
203.65
313.12
375.83
479.88
369.05
375.83
124.05
150.04
536.7
678.55
375.83
304.65
304.65
725.11
168.46
150.85
479.88
135.37
479.88
159.61
201.11
217.58
66.909
124.05
285.35
725.11
150.85
807.47
66.909
217.58
168.46
178.79
275.32
159.61
150.85
322.89
178.79
183.89
168.46
197.99
66.909
203.65
159.61
217.58
245.3
197.99
197.99
322.89
725.11
168.46
135.37
168.46
369.05
369.05
150.85
313.12
452.27
150.85
203.65
201.11
159.61
168.46
150.04
66.909
150.85
304.65
369.05
169.39
375.83
246.33
322.89
246.33
536.7
322.89
245.3
61.775
150.85
294.7
536.7
122.39
246.33
122.39
313.12
807.47
285.35
275.32
159.61
217.58
304.65
178.79
135.37
536.7
725.11
452.27
168.46
217.58
150.85
203.65
678.55
178.79
678.55
369.05
61.775
452.27
183.89
183.89
203.65
135.37
168.46
452.27
66.909
169.39
168.46
178.79
275.32
183.89
61.775
197.99
245.3
285.35
245.3
304.65
201.11
678.55
245.3
304.65
61.775
294.7
246.33
66.909
275.32
375.83
452.27
576.21
285.35
452.27
203.65
203.65
135.37
313.12
201.11
201.11
479.88
266.23
66.909
369.05
285.35
135.37
159.61
294.7
169.39
197.99
61.775
322.89
201.11
124.05
313.12
217.58
141.25
169.39
122.39
807.47
135.37
61.775
168.46
452.27
178.79
122.39
203.65
217.58
375.83
124.05
135.37
159.61
124.05
122.39
122.39
313.12
479.88
217.58
178.79
245.3
536.7
150.85
178.79
275.32
245.3
122.39
452.27
197.99
141.25
124.05
61.775
159.61
169.39
168.46
479.88
536.7
576.21
217.58
178.79
375.83
159.61
135.37
479.88
150.85
197.99
275.32
294.7
150.04
217.58
245.3
124.05
266.23
168.46
183.89
275.32
124.05
169.39
150.85
725.11
159.61
178.79
178.79
369.05
203.65
217.58
313.12
479.88
61.775
122.39
150.04
294.7
246.33
159.61
536.7
375.83
576.21
169.39
245.3
150.04
375.83
150.85
159.61
275.32
322.89
122.39
304.65
375.83
246.33
246.33
150.85
150.04
197.99
183.89
141.25
452.27
150.85
275.32
536.7
536.7
725.11
304.65
313.12
159.61
576.21
304.65
375.83
725.11
375.83
122.39
479.88
61.775
159.61
178.79
169.39
168.46
452.27
197.99
807.47
322.89
536.7
285.35
203.65
304.65
201.11
275.32
169.39
183.89
428.63
313.12
428.63
725.11
322.89
536.7
304.65
294.7
479.88
275.32
159.61
168.46
375.83
369.05
135.37
678.55
183.89
369.05
304.65
266.23
304.65
313.12
124.05
245.3
322.89
61.775
150.85
536.7
576.21
201.11
122.39
285.35
304.65
183.89
245.3
725.11
536.7
245.3
246.33
304.65
536.7
61.775
479.88
725.11
183.89
245.3
322.89
266.23
375.83
159.61
246.33
135.37
369.05
725.11
141.25
313.12
452.27
375.83
246.33
124.05
452.27
294.7
66.909
285.35
304.65
536.7
536.7
725.11
246.33
322.89
725.11
217.58
452.27
245.3
536.7
428.63
576.21
275.32
197.99
275.32
807.47
428.63
66.909
304.65
197.99
201.11
150.04
285.35
285.35
479.88
197.99
61.775
124.05
178.79
375.83
322.89
183.89
678.55
169.39
576.21
66.909
178.79
285.35
678.55
217.58
197.99
168.46
304.65
285.35
168.46
203.65
479.88
61.775
452.27
197.99
124.05
428.63
304.65
66.909
452.27
141.25
122.39
452.27
313.12
124.05
197.99
452.27
183.89
124.05
479.88
246.33
807.47
141.25
135.37
150.04
168.46
217.58
169.39
150.85
266.23
479.88
725.11
150.85
266.23
479.88
275.32
322.89
375.83
678.55
201.11
124.05
725.11
178.79
285.35
322.89
725.11
266.23
217.58
375.83
304.65
304.65
178.79
725.11
246.33
285.35
66.909
159.61
141.25
178.79
217.58
452.27
428.63
266.23
178.79
150.04
135.37
322.89
159.61
203.65
375.83
203.65
294.7
375.83
159.61
452.27
178.79
169.39
141.25
536.7
452.27
168.46
150.04
159.61
197.99
375.83
322.89
275.32
536.7
246.33
183.89
304.65
122.39
294.7
159.61
141.25
275.32
122.39
159.61
178.79
275.32
375.83
201.11
124.05
169.39
576.21
285.35
66.909
452.27
150.85
178.79
183.89
576.21
124.05
275.32
135.37
61.775
725.11
178.79
452.27
122.39
304.65
479.88
678.55
141.25
246.33
452.27
275.32
124.05
169.39
479.88
168.46
807.47
201.11
141.25
124.05
178.79
375.83
266.23
678.55
452.27
304.65
807.47
246.33
201.11
203.65
246.33
322.89
452.27
479.88
169.39
61.775
150.04
245.3
201.11
217.58
66.909
322.89
375.83
245.3
246.33
159.61
479.88
122.39
168.46
304.65
285.35
807.47
178.79
678.55
576.21
168.46
159.61
217.58
135.37
61.775
375.83
201.11
807.47
66.909
178.79
576.21
168.46
66.909
150.04
369.05
266.23
150.85
135.37
61.775
150.85
159.61
576.21
322.89
246.33
479.88
428.63
197.99
66.909
266.23
246.33
159.61
678.55
576.21
141.25
479.88
576.21
61.775
245.3
725.11
159.61
201.11
61.775
313.12
678.55
203.65
452.27
135.37
197.99
141.25
275.32
313.12
285.35
428.63
141.25
369.05
197.99
159.61
576.21
201.11
369.05
536.7
122.39
294.7
479.88
197.99
122.39
197.99
245.3
122.39
266.23
266.23
285.35
452.27
452.27
66.909
725.11
159.61
122.39
66.909
122.39
246.33
294.7
122.39
275.32
124.05
217.58
266.23
576.21
536.7
576.21
452.27
725.11
135.37
150.85
304.65
375.83
266.23
66.909
807.47
183.89
369.05
135.37
725.11
203.65
285.35
322.89
150.04
66.909
246.33
61.775
245.3
122.39
313.12
183.89
576.21
576.21
169.39
428.63
246.33
452.27
313.12
275.32
178.79
725.11
66.909
201.11
304.65
536.7
150.85
245.3
201.11
322.89
576.21
245.3
678.55
285.35
725.11
168.46
168.46
246.33
807.47
178.79
536.7
285.35
150.85
61.775
313.12
246.33
313.12
168.46
266.23
304.65
275.32
203.65
159.61
217.58
375.83
428.63
122.39
203.65
197.99
266.23
428.63
479.88
135.37
141.25
245.3
246.33
135.37
201.11
479.88
66.909
725.11
285.35
141.25
169.39
369.05
159.61
246.33
304.65
294.7
245.3
124.05
479.88
536.7
159.61
576.21
150.85
150.04
322.89
150.04
275.32
479.88
201.11
135.37
122.39
375.83
150.85
61.775
313.12
266.23
294.7
203.65
452.27
678.55
150.85
150.04
428.63
725.11
150.85
452.27
168.46
201.11
678.55
245.3
197.99
322.89
725.11
178.79
201.11
203.65
141.25
266.23
141.25
807.47
61.775
479.88
197.99
168.46
266.23
725.11
178.79
150.85
452.27
203.65
678.55
178.79
203.65
807.47
124.05
169.39
197.99
304.65
375.83
536.7
678.55
197.99
245.3
807.47
428.63
245.3
375.83
275.32
246.33
807.47
201.11
304.65
61.775
203.65
428.63
61.775
178.79
183.89
285.35
266.23
201.11
197.99
150.04
807.47
203.65
150.85
183.89
725.11
122.39
201.11
197.99
197.99
203.65
245.3
322.89
479.88
304.65
266.23
135.37
159.61
536.7
201.11
201.11
203.65
313.12
201.11
197.99
183.89
183.89
141.25
124.05
266.23
725.11
66.909
375.83
452.27
159.61
369.05
201.11
428.63
169.39
217.58
536.7
275.32
201.11
124.05
245.3
428.63
678.55
217.58
122.39
217.58
576.21
479.88
169.39
294.7
66.909
159.61
61.775
322.89
266.23
428.63
678.55
536.7
428.63
178.79
135.37
375.83
245.3
159.61
159.61
183.89
201.11
61.775
