1150
44.728
11.807
20.614
45.552
20.614
11.807
82.667
64.272
121.98
7.6155
253.43
177.9
8.284
135.58
19.878
19.878
65.634
43.426
7.6155
14.769
196.33
24.013
47.008
19.92
65.634
45.552
101
121.98
253.43
8.284
135.58
44.728
1.6718
90.728
43.426
54.142
16.159
11.807
121.98
43.426
1.6718
11.807
28.05
54.142
135.58
44.728
15.214
9.6962
2.0754
7.6155
11.807
30.222
177.9
30.222
7.6155
11.807
32.65
65.634
65.634
135.58
7.6155
45.552
65.634
1.6718
28.05
64.272
196.33
11.807
17.441
121.98
36.819
54.142
8.284
90.728
65.634
65.634
9.6962
45.552
64.272
11.993
196.33
19.878
36.819
43.426
28.05
11.993
19.878
253.43
15.214
101
82.667
32.65
20.614
135.58
16.159
20.614
7.6155
9.6962
15.214
17.441
43.426
19.878
253.43
7.6155
24.013
36.819
43.426
44.728
65.634
54.142
82.667
14.769
17.441
14.769
7.6155
1.6718
121.98
11.993
14.769
36.819
9.6962
28.05
19.878
1.6718
65.634
11.993
45.552
65.634
17.441
177.9
90.728
44.728
11.807
135.58
20.614
65.634
30.222
54.142
19.92
30.222
65.634
17.441
8.284
90.728
17.441
44.728
28.05
36.819
1.6718
47.008
65.634
24.013
11.807
19.878
253.43
7.6155
44.728
28.05
28.05
28.05
64.272
10.602
15.214
14.769
45.552
47.008
20.614
45.552
20.614
45.552
36.819
101
7.6155
17.441
64.272
28.05
28.05
11.993
44.728
19.878
32.65
24.013
196.33
1.6718
253.43
9.6962
19.878
54.142
253.43
19.92
65.634
54.142
196.33
19.878
64.272
14.769
2.0754
45.552
44.728
15.214
196.33
24.013
14.769
135.58
17.441
36.819
253.43
65.634
36.819
2.0754
16.159
90.728
32.65
196.33
19.92
13.343
16.159
24.013
177.9
36.819
7.6155
1.6718
15.214
121.98
8.284
19.878
2.0754
28.05
9.6962
44.728
36.819
64.272
20.614
28.05
16.159
24.013
16.159
15.214
64.272
15.214
82.667
43.426
121.98
28.05
196.33
11.807
32.65
54.142
65.634
45.552
9.6962
82.667
90.728
2.0754
7.6155
11.807
44.728
54.142
19.92
11.807
17.441
8.284
101
7.6155
9.6962
19.92
24.013
32.65
24.013
9.6962
101
19.878
44.728
9.6962
2.0754
101
32.65
8.284
47.008
43.426
16.159
11.807
14.769
43.426
14.769
13.343
65.634
15.214
11.807
44.728
47.008
9.6962
1.6718
64.272
47.008
36.819
135.58
11.807
1.6718
30.222
19.92
82.667
2.0754
7.6155
19.878
1.6718
121.98
47.008
101
30.222
32.65
45.552
14.769
177.9
121.98
101
30.222
10.602
17.441
20.614
44.728
19.92
82.667
101
1.6718
253.43
45.552
253.43
65.634
45.552
196.33
82.667
9.6962
64.272
19.878
90.728
121.98
9.6962
45.552
196.33
43.426
7.6155
8.284
54.142
17.441
11.807
177.9
196.33
20.614
54.142
196.33
47.008
2.0754
28.05
36.819
36.819
20.614
253.43
43.426
10.602
135.58
17.441
82.667
253.43
20.614
253.43
135.58
11.993
43.426
43.426
177.9
47.008
14.769
45.552
24.013
121.98
121.98
9.6962
19.878
45.552
43.426
28.05
64.272
28.05
2.0754
54.142
32.65
32.65
19.878
90.728
196.33
19.92
11.993
19.878
253.43
135.58
24.013
64.272
1.6718
13.343
20.614
32.65
82.667
1.6718
16.159
10.602
2.0754
24.013
16.159
28.05
32.65
30.222
177.9
82.667
101
11.993
13.343
32.65
135.58
13.343
13.343
135.58
177.9
1.6718
9.6962
30.222
19.878
82.667
90.728
19.878
20.614
19.878
82.667
10.602
9.6962
19.878
54.142
90.728
30.222
14.769
13.343
54.142
177.9
2.0754
19.92
196.33
13.343
36.819
11.993
44.728
7.6155
2.0754
47.008
64.272
43.426
15.214
11.807
177.9
47.008
11.993
19.878
7.6155
11.807
90.728
44.728
54.142
11.807
82.667
20.614
2.0754
28.05
177.9
30.222
121.98
1.6718
14.769
20.614
16.159
2.0754
1.6718
19.92
196.33
54.142
82.667
19.878
16.159
11.993
9.6962
9.6962
64.272
54.142
19.878
177.9
101
65.634
8.284
135.58
13.343
177.9
20.614
32.65
19.92
54.142
2.0754
253.43
15.214
36.819
9.6962
45.552
13.343
28.05
121.98
253.43
13.343
177.9
8.284
253.43
15.214
7.6155
24.013
9.6962
47.008
28.05
32.65
36.819
11.993
32.65
1.6718
30.222
10.602
15.214
64.272
82.667
28.05
36.819
8.284
2.0754
20.614
19.878
101
8.284
10.602
82.667
44.728
24.013
16.159
17.441
177.9
14.769
45.552
9.6962
20.614
47.008
32.65
253.43
253.43
121.98
32.65
36.819
11.993
196.33
9.6962
82.667
45.552
11.993
24.013
30.222
32.65
196.33
47.008
135.58
19.878
11.993
47.008
82.667
20.614
121.98
135.58
17.441
43.426
19.92
101
20.614
1.6718
28.05
7.6155
64.272
2.0754
43.426
30.222
17.441
32.65
36.819
15.214
44.728
43.426
36.819
135.58
8.284
253.43
28.05
121.98
17.441
10.602
17.441
82.667
135.58
196.33
1.6718
32.65
17.441
7.6155
135.58
24.013
44.728
13.343
65.634
8.284
54.142
253.43
44.728
121.98
54.142
135.58
30.222
65.634
17.441
28.05
90.728
90.728
1.6718
11.993
196.33
196.33
15.214
17.441
36.819
7.6155
28.05
13.343
1.6718
121.98
16.159
14.769
9.6962
24.013
45.552
253.43
90.728
44.728
9.6962
64.272
15.214
24.013
54.142
14.769
13.343
30.222
10.602
17.441
253.43
19.92
19.878
17.441
17.441
14.769
45.552
196.33
2.0754
24.013
90.728
8.284
9.6962
36.819
121.98
8.284
101
14.769
30.222
16.159
47.008
2.0754
17.441
10.602
11.807
253.43
65.634
45.552
19.92
14.769
16.159
14.769
10.602
20.614
28.05
19.878
20.614
20.614
11.807
15.214
17.441
15.214
45.552
65.634
24.013
64.272
9.6962
43.426
135.58
54.142
24.013
196.33
65.634
101
253.43
8.284
30.222
16.159
64.272
2.0754
121.98
10.602
19.92
90.728
32.65
30.222
1.6718
14.769
19.92
54.142
28.05
90.728
24.013
1.6718
11.993
32.65
90.728
19.878
28.05
13.343
13.343
44.728
19.878
11.993
196.33
28.05
82.667
24.013
135.58
135.58
17.441
19.878
32.65
11.993
2.0754
17.441
2.0754
54.142
16.159
54.142
7.6155
54.142
253.43
2.0754
9.6962
135.58
13.343
177.9
24.013
177.9
253.43
13.343
121.98
10.602
177.9
14.769
90.728
10.602
19.92
17.441
45.552
30.222
177.9
20.614
44.728
177.9
7.6155
19.878
28.05
16.159
11.807
135.58
9.6962
24.013
28.05
101
9.6962
15.214
90.728
9.6962
1.6718
32.65
47.008
65.634
36.819
16.159
10.602
14.769
16.159
20.614
101
32.65
32.65
64.272
9.6962
15.214
19.92
44.728
20.614
19.92
17.441
121.98
24.013
45.552
82.667
9.6962
121.98
11.807
20.614
32.65
19.878
82.667
196.33
177.9
64.272
90.728
28.05
19.878
121.98
36.819
177.9
36.819
64.272
9.6962
30.222
101
13.343
9.6962
13.343
196.33
11.807
253.43
43.426
24.013
82.667
28.05
101
20.614
54.142
11.993
14.769
24.013
54.142
19.878
7.6155
28.05
54.142
15.214
253.43
15.214
11.993
10.602
43.426
30.222
11.807
19.92
65.634
14.769
11.993
54.142
9.6962
20.614
1.6718
2.0754
19.878
17.441
19.878
16.159
65.634
90.728
30.222
15.214
30.222
7.6155
9.6962
65.634
121.98
65.634
44.728
196.33
90.728
65.634
28.05
65.634
20.614
2.0754
19.92
20.614
28.05
11.807
15.214
44.728
44.728
196.33
13.343
17.441
19.92
11.993
10.602
14.769
65.634
45.552
64.272
10.602
45.552
90.728
24.013
45.552
45.552
253.43
24.013
15.214
30.222
2.0754
10.602
64.272
14.769
44.728
64.272
11.993
1.6718
43.426
90.728
90.728
32.65
16.159
1.6718
20.614
135.58
253.43
19.878
16.159
16.159
82.667
44.728
82.667
24.013
8.284
65.634
196.33
9.6962
65.634
54.142
11.807
196.33
45.552
90.728
82.667
8.284
9.6962
44.728
2.0754
44.728
7.6155
11.993
14.769
43.426
36.819
9.6962
8.284
28.05
19.92
32.65
19.878
10.602
65.634
64.272
44.728
32.65
45.552
10.602
19.878
43.426
82.667
135.58
47.008
82.667
24.013
45.552
28.05
19.878
20.614
28.05
13.343
13.343
30.222
20.614
177.9
54.142
2.0754
24.013
9.6962
177.9
65.634
19.878
20.614
253.43
8.284
135.58
19.878
135.58
65.634
1.6718
8.284
45.552
20.614
121.98
90.728
9.6962
135.58
101
10.602
1.6718
24.013
20.614
24.013
44.728
9.6962
11.993
20.614
177.9
47.008
10.602
9.6962
14.769
45.552
17.441
7.6155
28.05
44.728
15.214
24.013
101
36.819
19.878
44.728
65.634
20.614
1.6718
19.878
28.05
64.272
24.013
54.142
11.993
101
54.142
1.6718
90.728
64.272
253.43
44.728
1.6718
17.441
16.159
14.769
121.98
8.284
13.343
28.05
28.05
19.92
82.667
32.65
19.92
177.9
17.441
43.426
11.993
45.552
19.878
64.272
30.222
30.222
15.214
30.222
43.426
47.008
196.33
177.9
196.33
2.0754
196.33
43.426
7.6155
196.33
28.05
19.878
17.441
44.728
64.272
8.284
196.33
15.214
11.807
19.92
15.214
10.602
65.634
15.214
43.426
64.272
11.807
54.142
19.878
45.552
101
44.728
43.426
16.159
90.728
54.142
20.614
90.728
2.0754
19.878
1.6718
28.05
82.667
36.819
1.6718
101
11.993
196.33
19.92
2.0754
24.013
47.008
20.614
101
