1150
127.82
500.24
351.08
386.17
319.28
255.39
182.14
319.28
138.77
145.46
62.751
762.27
762.27
138.77
225.5
319.28
176.34
390.72
284.28
207.66
173.56
390.72
598.04
386.17
203.86
712.86
173.56
266.31
762.27
173.56
173.56
712.86
122.38
176.34
311.04
155.28
316.11
445.24
255.39
319.28
445.24
164.37
311.04
138.77
255.39
500.24
712.86
245.27
173.56
319.28
712.86
255.39
915.84
155.28
138.77
176.34
203.86
207.66
182.14
324.83
127.82
203.86
176.34
182.14
127.82
311.04
176.34
145.46
62.751
176.34
266.31
560.23
67.76
598.04
138.77
500.24
445.24
712.86
138.77
255.39
203.86
154
284.28
311.04
155.28
255.39
915.84
245.27
351.08
203.86
67.76
176.34
445.24
189.77
122.38
255.39
203.63
386.17
255.39
445.24
469.8
154
138.77
469.8
316.11
62.751
598.04
255.39
266.31
311.04
390.72
500.24
203.63
127.82
386.17
182.14
500.24
203.63
469.8
154
138.77
560.23
67.76
324.83
386.17
207.66
203.63
915.84
203.86
207.66
145.46
182.14
182.14
598.04
164.37
182.14
203.86
351.08
145.46
560.23
122.38
225.5
67.76
390.72
351.08
155.28
324.83
284.28
500.24
284.28
598.04
207.66
189.77
245.27
173.56
712.86
225.5
173.56
207.66
351.08
203.86
154
500.24
311.04
203.63
155.28
155.28
255.39
207.66
386.17
122.38
500.24
324.83
138.77
500.24
155.28
311.04
266.31
145.46
62.751
390.72
390.72
207.66
122.38
311.04
154
386.17
266.31
173.56
712.86
390.72
560.23
122.38
154
386.17
351.08
390.72
255.39
207.66
316.11
500.24
324.83
255.39
176.34
351.08
203.63
284.28
560.23
500.24
598.04
712.86
469.8
62.751
62.751
127.82
173.56
62.751
207.66
189.77
266.31
712.86
176.34
189.77
500.24
189.77
138.77
255.39
500.24
203.63
351.08
316.11
225.5
245.27
762.27
127.82
176.34
225.5
311.04
560.23
225.5
207.66
386.17
225.5
500.24
225.5
245.27
245.27
164.37
127.82
122.38
560.23
164.37
560.23
351.08
560.23
712.86
145.46
203.86
915.84
319.28
598.04
245.27
62.751
316.11
164.37
255.39
386.17
311.04
311.04
207.66
164.37
207.66
62.751
311.04
762.27
127.82
67.76
560.23
164.37
62.751
469.8
145.46
560.23
127.82
189.77
311.04
311.04
324.83
319.28
207.66
145.46
390.72
164.37
319.28
500.24
127.82
762.27
67.76
500.24
500.24
67.76
266.31
712.86
182.14
469.8
311.04
445.24
445.24
67.76
176.34
319.28
245.27
915.84
386.17
284.28
176.34
173.56
560.23
225.5
469.8
127.82
500.24
62.751
598.04
598.04
255.39
138.77
154
351.08
469.8
67.76
390.72
762.27
189.77
316.11
189.77
155.28
445.24
386.17
176.34
284.28
207.66
127.82
62.751
245.27
176.34
189.77
176.34
154
203.86
351.08
155.28
319.28
207.66
207.66
154
154
316.11
173.56
284.28
762.27
351.08
324.83
762.27
390.72
311.04
762.27
122.38
173.56
915.84
390.72
245.27
324.83
207.66
203.63
155.28
203.63
67.76
245.27
189.77
915.84
266.31
500.24
203.86
225.5
469.8
915.84
255.39
712.86
386.17
284.28
762.27
469.8
762.27
319.28
203.63
245.27
598.04
62.751
145.46
225.5
266.31
122.38
319.28
598.04
127.82
207.66
176.34
915.84
311.04
173.56
138.77
266.31
469.8
500.24
500.24
155.28
266.31
560.23
138.77
500.24
598.04
155.28
122.38
245.27
500.24
225.5
203.86
255.39
138.77
138.77
560.23
311.04
173.56
560.23
122.38
225.5
351.08
189.77
203.86
255.39
598.04
445.24
122.38
176.34
203.63
560.23
207.66
164.37
311.04
245.27
598.04
712.86
469.8
351.08
386.17
598.04
122.38
189.77
62.751
469.8
255.39
203.63
164.37
266.31
176.34
122.38
127.82
122.38
203.86
138.77
207.66
598.04
189.77
138.77
284.28
560.23
189.77
67.76
145.46
122.38
386.17
225.5
324.83
351.08
284.28
316.11
560.23
319.28
560.23
225.5
145.46
122.38
351.08
182.14
324.83
319.28
266.31
351.08
255.39
245.27
245.27
712.86
203.86
138.77
164.37
324.83
500.24
762.27
155.28
390.72
311.04
203.86
255.39
245.27
319.28
386.17
176.34
127.82
469.8
203.86
390.72
154
127.82
598.04
560.23
915.84
560.23
67.76
266.31
915.84
255.39
560.23
122.38
915.84
712.86
284.28
207.66
189.77
351.08
62.751
203.63
712.86
266.31
245.27
245.27
182.14
762.27
915.84
255.39
915.84
225.5
207.66
155.28
154
469.8
386.17
266.31
469.8
255.39
266.31
155.28
311.04
145.46
67.76
324.83
311.04
155.28
203.86
316.11
266.31
138.77
154
62.751
207.66
245.27
145.46
324.83
62.751
138.77
762.27
915.84
67.76
245.27
560.23
164.37
500.24
469.8
316.11
62.751
203.63
598.04
324.83
203.63
316.11
164.37
284.28
915.84
500.24
176.34
324.83
189.77
915.84
127.82
173.56
469.8
127.82
266.31
445.24
386.17
145.46
207.66
189.77
245.27
311.04
145.46
598.04
319.28
145.46
284.28
712.86
445.24
324.83
225.5
173.56
284.28
164.37
182.14
598.04
560.23
445.24
712.86
154
255.39
316.11
598.04
319.28
203.86
386.17
469.8
311.04
127.82
712.86
67.76
255.39
138.77
203.63
469.8
164.37
560.23
351.08
203.63
164.37
173.56
390.72
67.76
324.83
316.11
386.17
915.84
203.63
173.56
560.23
469.8
225.5
127.82
284.28
154
266.31
189.77
182.14
386.17
255.39
445.24
155.28
324.83
67.76
445.24
324.83
762.27
127.82
598.04
255.39
316.11
182.14
122.38
500.24
145.46
203.63
316.11
915.84
255.39
915.84
164.37
203.86
351.08
122.38
386.17
207.66
469.8
203.63
182.14
915.84
351.08
203.86
127.82
386.17
316.11
122.38
138.77
915.84
245.27
62.751
67.76
145.46
598.04
225.5
284.28
245.27
122.38
598.04
176.34
173.56
311.04
245.27
203.63
319.28
712.86
316.11
176.34
155.28
207.66
62.751
560.23
311.04
155.28
255.39
67.76
560.23
207.66
266.31
284.28
324.83
203.63
122.38
225.5
67.76
386.17
67.76
762.27
386.17
712.86
255.39
164.37
173.56
390.72
915.84
189.77
390.72
127.82
311.04
207.66
386.17
173.56
127.82
225.5
319.28
138.77
225.5
319.28
469.8
182.14
203.86
560.23
351.08
164.37
390.72
176.34
173.56
62.751
203.63
207.66
176.34
176.34
164.37
712.86
500.24
203.86
245.27
284.28
245.27
173.56
915.84
154
560.23
67.76
182.14
386.17
319.28
154
762.27
266.31
173.56
284.28
598.04
598.04
245.27
207.66
182.14
67.76
390.72
138.77
189.77
203.86
560.23
62.751
500.24
176.34
173.56
245.27
386.17
155.28
155.28
915.84
311.04
176.34
762.27
598.04
154
62.751
351.08
560.23
138.77
67.76
311.04
311.04
255.39
62.751
324.83
762.27
560.23
138.77
189.77
164.37
284.28
316.11
176.34
445.24
445.24
445.24
189.77
67.76
351.08
915.84
145.46
138.77
598.04
245.27
500.24
469.8
154
164.37
67.76
311.04
390.72
255.39
62.751
915.84
255.39
182.14
154
316.11
284.28
390.72
145.46
189.77
145.46
500.24
189.77
173.56
62.751
445.24
245.27
266.31
560.23
386.17
324.83
154
266.31
762.27
311.04
469.8
915.84
560.23
155.28
67.76
225.5
62.751
245.27
762.27
164.37
203.63
207.66
469.8
469.8
225.5
203.63
712.86
386.17
386.17
762.27
255.39
445.24
225.5
500.24
203.86
386.17
915.84
255.39
207.66
155.28
182.14
127.82
203.63
182.14
189.77
469.8
266.31
255.39
390.72
138.77
316.11
189.77
189.77
284.28
560.23
155.28
324.83
598.04
155.28
176.34
245.27
598.04
255.39
173.56
266.31
284.28
203.86
62.751
351.08
255.39
203.63
122.38
189.77
164.37
155.28
469.8
203.86
67.76
203.63
390.72
145.46
598.04
182.14
182.14
155.28
390.72
122.38
762.27
145.46
176.34
324.83
145.46
255.39
351.08
712.86
386.17
386.17
203.86
164.37
255.39
155.28
500.24
319.28
469.8
445.24
225.5
182.14
324.83
915.84
390.72
469.8
351.08
311.04
390.72
245.27
560.23
122.38
762.27
127.82
266.31
203.86
127.82
386.17
316.11
445.24
284.28
469.8
284.28
712.86
560.23
255.39
445.24
245.27
469.8
182.14
915.84
176.34
122.38
390.72
469.8
712.86
182.14
445.24
266.31
225.5
469.8
762.27
122.38
351.08
164.37
203.86
173.56
469.8
915.84
319.28
351.08
712.86
324.83
284.28
203.63
316.11
203.63
203.86
203.63
225.5
255.39
598.04
155.28
189.77
284.28
245.27
173.56
284.28
560.23
122.38
207.66
127.82
284.28
266.31
390.72
164.37
311.04
225.5
500.24
319.28
189.77
189.77
173.56
762.27
176.34
145.46
203.63
386.17
351.08
351.08
62.751
203.63
598.04
182.14
311.04
176.34
138.77
203.63
469.8
915.84
560.23
127.82
189.77
164.37
182.14
915.84
266.31
386.17
500.24
154
598.04
127.82
386.17
386.17
351.08
138.77
225.5
255.39
266.31
500.24
324.83
469.8
266.31
762.27
122.38
266.31
176.34
245.27
324.83
155.28
311.04
182.14
560.23
138.77
127.82
762.27
145.46
145.46
145.46
127.82
225.5
324.83
469.8
445.24
351.08
245.27
351.08
762.27
255.39
176.34
445.24
164.37
164.37
225.5
316.11
316.11
138.77
138.77
176.34
386.17
203.86
469.8
712.86
203.86
