1150
253.43
28.05
16.159
1.6718
101
13.343
2.0754
13.343
47.008
1.6718
101
30.222
90.728
30.222
82.667
64.272
16.159
90.728
253.43
19.92
43.426
17.441
24.013
13.343
30.222
90.728
121.98
19.878
9.6962
90.728
28.05
17.441
82.667
54.142
121.98
121.98
101
65.634
2.0754
82.667
11.993
13.343
14.769
20.614
47.008
10.602
36.819
15.214
196.33
28.05
8.284
28.05
2.0754
17.441
177.9
2.0754
20.614
32.65
253.43
65.634
30.222
121.98
177.9
90.728
20.614
20.614
135.58
43.426
32.65
54.142
45.552
196.33
36.819
82.667
135.58
121.98
47.008
44.728
36.819
45.552
16.159
196.33
135.58
20.614
47.008
32.65
16.159
90.728
135.58
24.013
14.769
90.728
24.013
11.807
19.878
36.819
15.214
11.807
8.284
54.142
45.552
196.33
177.9
121.98
10.602
15.214
30.222
20.614
7.6155
54.142
9.6962
82.667
45.552
65.634
90.728
10.602
13.343
253.43
15.214
14.769
47.008
44.728
65.634
44.728
16.159
64.272
14.769
82.667
121.98
30.222
44.728
11.807
90.728
13.343
11.807
13.343
15.214
17.441
90.728
13.343
9.6962
17.441
90.728
44.728
24.013
65.634
19.878
24.013
36.819
11.807
196.33
45.552
17.441
19.92
43.426
15.214
32.65
253.43
121.98
65.634
7.6155
9.6962
8.284
19.92
44.728
44.728
43.426
19.92
28.05
1.6718
45.552
14.769
90.728
135.58
253.43
14.769
82.667
1.6718
9.6962
135.58
64.272
14.769
1.6718
43.426
196.33
64.272
2.0754
24.013
1.6718
30.222
15.214
20.614
101
196.33
24.013
90.728
64.272
36.819
13.343
253.43
14.769
45.552
16.159
101
90.728
43.426
64.272
15.214
11.807
177.9
10.602
196.33
44.728
19.92
10.602
28.05
13.343
82.667
54.142
32.65
177.9
36.819
196.33
11.807
28.05
1.6718
196.33
90.728
17.441
9.6962
19.878
15.214
121.98
20.614
64.272
44.728
253.43
9.6962
82.667
14.769
20.614
19.92
19.92
65.634
9.6962
19.92
11.993
43.426
47.008
11.993
14.769
253.43
24.013
36.819
28.05
11.807
43.426
13.343
16.159
32.65
253.43
45.552
47.008
11.807
13.343
90.728
11.993
121.98
196.33
44.728
45.552
20.614
36.819
30.222
10.602
82.667
11.807
8.284
64.272
36.819
8.284
253.43
11.807
16.159
16.159
2.0754
36.819
45.552
32.65
17.441
32.65
54.142
8.284
64.272
7.6155
13.343
253.43
196.33
28.05
17.441
43.426
135.58
9.6962
177.9
28.05
82.667
15.214
9.6962
45.552
45.552
196.33
13.343
15.214
135.58
101
101
82.667
90.728
121.98
65.634
1.6718
15.214
9.6962
16.159
90.728
8.284
121.98
177.9
2.0754
10.602
20.614
30.222
13.343
8.284
20.614
32.65
14.769
7.6155
32.65
16.159
121.98
177.9
10.602
54.142
54.142
45.552
28.05
65.634
32.65
1.6718
47.008
82.667
24.013
11.807
101
45.552
14.769
15.214
101
28.05
13.343
36.819
10.602
36.819
13.343
24.013
11.807
101
121.98
253.43
9.6962
10.602
19.878
82.667
43.426
14.769
7.6155
90.728
36.819
43.426
36.819
54.142
121.98
16.159
47.008
101
32.65
36.819
9.6962
32.65
47.008
47.008
36.819
90.728
19.92
2.0754
30.222
47.008
196.33
13.343
7.6155
64.272
196.33
253.43
17.441
19.878
47.008
196.33
16.159
82.667
43.426
101
19.878
1.6718
101
30.222
32.65
8.284
90.728
28.05
36.819
20.614
32.65
9.6962
47.008
90.728
135.58
11.807
43.426
19.878
8.284
20.614
7.6155
17.441
11.807
16.159
19.878
13.343
45.552
54.142
15.214
43.426
11.993
30.222
1.6718
19.878
135.58
121.98
17.441
30.222
121.98
135.58
10.602
28.05
8.284
65.634
15.214
177.9
43.426
20.614
7.6155
24.013
1.6718
2.0754
11.993
1.6718
8.284
11.807
1.6718
65.634
19.92
135.58
24.013
90.728
64.272
24.013
8.284
44.728
11.807
11.993
65.634
11.993
9.6962
82.667
15.214
177.9
7.6155
65.634
19.878
28.05
253.43
1.6718
28.05
177.9
30.222
135.58
36.819
135.58
9.6962
45.552
196.33
14.769
24.013
253.43
101
13.343
82.667
177.9
19.878
54.142
90.728
196.33
45.552
10.602
43.426
14.769
65.634
54.142
253.43
43.426
10.602
32.65
20.614
54.142
10.602
101
15.214
90.728
8.284
19.878
65.634
43.426
15.214
13.343
44.728
16.159
90.728
11.807
9.6962
8.284
196.33
24.013
47.008
10.602
47.008
90.728
196.33
135.58
14.769
32.65
28.05
82.667
2.0754
28.05
253.43
47.008
20.614
101
43.426
19.92
13.343
30.222
7.6155
43.426
90.728
14.769
16.159
19.878
82.667
10.602
82.667
177.9
8.284
47.008
47.008
32.65
54.142
7.6155
43.426
9.6962
45.552
253.43
90.728
121.98
54.142
17.441
45.552
135.58
13.343
16.159
196.33
19.878
1.6718
44.728
19.878
43.426
30.222
54.142
196.33
8.284
11.993
14.769
28.05
15.214
43.426
10.602
135.58
45.552
20.614
43.426
19.92
14.769
36.819
20.614
32.65
28.05
45.552
8.284
24.013
121.98
36.819
1.6718
253.43
135.58
11.807
19.92
47.008
64.272
90.728
13.343
7.6155
90.728
2.0754
1.6718
11.807
135.58
196.33
65.634
36.819
30.222
101
13.343
30.222
54.142
17.441
44.728
64.272
20.614
36.819
196.33
17.441
36.819
36.819
14.769
30.222
43.426
9.6962
64.272
7.6155
1.6718
253.43
43.426
177.9
9.6962
13.343
19.92
24.013
253.43
24.013
253.43
90.728
9.6962
19.92
17.441
9.6962
253.43
121.98
30.222
45.552
43.426
32.65
36.819
19.92
16.159
47.008
19.878
54.142
2.0754
36.819
30.222
30.222
47.008
253.43
36.819
20.614
44.728
19.92
121.98
24.013
16.159
65.634
43.426
20.614
101
30.222
45.552
24.013
11.993
47.008
135.58
54.142
43.426
44.728
36.819
30.222
253.43
2.0754
32.65
20.614
28.05
90.728
196.33
135.58
135.58
54.142
19.878
9.6962
135.58
54.142
36.819
43.426
14.769
54.142
82.667
43.426
196.33
43.426
47.008
54.142
19.878
9.6962
1.6718
11.993
14.769
47.008
13.343
90.728
14.769
24.013
43.426
11.807
2.0754
64.272
7.6155
16.159
7.6155
10.602
7.6155
177.9
36.819
64.272
10.602
82.667
9.6962
45.552
64.272
24.013
17.441
9.6962
8.284
47.008
24.013
16.159
90.728
32.65
65.634
17.441
13.343
82.667
32.65
121.98
2.0754
8.284
32.65
30.222
9.6962
44.728
30.222
45.552
7.6155
30.222
43.426
1.6718
43.426
101
36.819
135.58
8.284
16.159
32.65
32.65
64.272
7.6155
19.92
196.33
8.284
10.602
45.552
11.807
65.634
13.343
20.614
101
7.6155
32.65
90.728
32.65
2.0754
15.214
135.58
90.728
19.92
253.43
64.272
101
90.728
20.614
17.441
8.284
54.142
43.426
43.426
121.98
28.05
17.441
13.343
13.343
15.214
82.667
47.008
20.614
20.614
43.426
28.05
101
196.33
45.552
15.214
13.343
101
2.0754
253.43
32.65
135.58
7.6155
43.426
10.602
45.552
30.222
16.159
1.6718
1.6718
253.43
7.6155
11.993
1.6718
177.9
2.0754
43.426
14.769
90.728
19.92
20.614
36.819
9.6962
16.159
13.343
32.65
43.426
121.98
9.6962
10.602
47.008
24.013
17.441
13.343
9.6962
45.552
101
32.65
65.634
30.222
30.222
177.9
28.05
82.667
8.284
90.728
32.65
43.426
36.819
11.993
82.667
43.426
19.92
82.667
19.92
24.013
15.214
24.013
32.65
65.634
16.159
32.65
20.614
28.05
19.92
15.214
90.728
17.441
65.634
10.602
135.58
253.43
36.819
65.634
90.728
121.98
82.667
135.58
16.159
65.634
19.92
11.993
19.878
47.008
28.05
11.993
121.98
44.728
9.6962
2.0754
28.05
20.614
28.05
15.214
8.284
47.008
16.159
253.43
11.993
43.426
135.58
135.58
10.602
43.426
36.819
13.343
24.013
28.05
30.222
47.008
7.6155
14.769
1.6718
16.159
28.05
196.33
47.008
2.0754
47.008
177.9
28.05
11.807
11.807
15.214
1.6718
121.98
17.441
14.769
44.728
64.272
28.05
28.05
32.65
20.614
82.667
82.667
17.441
82.667
44.728
177.9
19.92
11.807
13.343
177.9
82.667
16.159
121.98
8.284
9.6962
20.614
20.614
177.9
45.552
82.667
101
30.222
32.65
196.33
28.05
11.993
121.98
9.6962
47.008
135.58
44.728
9.6962
28.05
43.426
82.667
65.634
24.013
1.6718
135.58
54.142
54.142
17.441
10.602
17.441
253.43
253.43
8.284
177.9
36.819
82.667
45.552
43.426
9.6962
19.92
10.602
24.013
36.819
64.272
7.6155
2.0754
8.284
8.284
177.9
11.993
7.6155
101
11.807
10.602
54.142
30.222
10.602
101
45.552
15.214
82.667
45.552
16.159
9.6962
101
177.9
2.0754
15.214
15.214
30.222
15.214
253.43
13.343
253.43
13.343
24.013
9.6962
20.614
44.728
36.819
253.43
20.614
20.614
9.6962
253.43
30.222
90.728
17.441
8.284
11.993
16.159
20.614
64.272
13.343
54.142
64.272
30.222
28.05
253.43
13.343
32.65
32.65
24.013
2.0754
17.441
14.769
30.222
44.728
20.614
90.728
253.43
101
19.878
43.426
1.6718
36.819
13.343
11.807
65.634
10.602
45.552
28.05
177.9
11.807
90.728
44.728
177.9
32.65
20.614
14.769
14.769
135.58
13.343
90.728
65.634
30.222
15.214
44.728
24.013
9.6962
17.441
54.142
30.222
24.013
7.6155
65.634
10.602
11.807
43.426
45.552
