1150
13.343
24.013
43.426
9.6962
15.214
65.634
11.993
7.6155
11.807
15.214
19.878
43.426
13.343
16.159
101
47.008
54.142
13.343
10.602
10.602
17.441
82.667
7.6155
135.58
17.441
47.008
15.214
16.159
19.878
177.9
1.6718
30.222
47.008
2.0754
36.819
253.43
64.272
32.65
135.58
11.993
36.819
10.602
45.552
13.343
45.552
20.614
32.65
9.6962
54.142
36.819
2.0754
10.602
135.58
253.43
44.728
135.58
82.667
90.728
9.6962
9.6962
253.43
11.807
90.728
54.142
9.6962
15.214
135.58
121.98
10.602
14.769
82.667
14.769
121.98
177.9
10.602
16.159
13.343
65.634
14.769
13.343
177.9
1.6718
10.602
47.008
177.9
17.441
90.728
45.552
135.58
10.602
15.214
101
24.013
28.05
16.159
30.222
177.9
177.9
8.284
121.98
45.552
17.441
8.284
43.426
24.013
64.272
11.993
45.552
13.343
44.728
30.222
54.142
11.807
30.222
2.0754
44.728
32.65
2.0754
13.343
20.614
177.9
82.667
135.58
11.807
47.008
19.92
82.667
11.807
10.602
2.0754
54.142
15.214
14.769
44.728
7.6155
17.441
121.98
43.426
14.769
11.993
82.667
16.159
196.33
19.92
90.728
15.214
101
101
24.013
7.6155
90.728
43.426
15.214
196.33
196.33
47.008
32.65
45.552
43.426
13.343
17.441
10.602
19.878
17.441
16.159
36.819
16.159
43.426
43.426
36.819
121.98
36.819
17.441
28.05
28.05
2.0754
64.272
11.807
47.008
9.6962
82.667
15.214
44.728
17.441
90.728
11.807
47.008
101
8.284
19.878
30.222
2.0754
196.33
135.58
19.92
2.0754
19.878
9.6962
11.807
11.807
11.993
19.878
15.214
121.98
15.214
30.222
2.0754
11.807
90.728
14.769
47.008
196.33
54.142
11.807
196.33
17.441
20.614
8.284
101
20.614
32.65
10.602
43.426
101
36.819
45.552
2.0754
196.33
19.878
11.807
20.614
8.284
2.0754
36.819
11.993
45.552
253.43
14.769
2.0754
8.284
19.878
43.426
19.878
28.05
101
43.426
101
82.667
65.634
19.878
11.993
16.159
13.343
16.159
17.441
135.58
24.013
11.807
45.552
28.05
54.142
14.769
9.6962
44.728
43.426
177.9
16.159
47.008
17.441
13.343
16.159
14.769
64.272
11.993
44.728
7.6155
13.343
82.667
177.9
2.0754
90.728
32.65
7.6155
11.807
121.98
19.92
54.142
64.272
177.9
82.667
7.6155
13.343
121.98
101
54.142
24.013
24.013
135.58
24.013
177.9
13.343
11.807
135.58
16.159
24.013
28.05
45.552
121.98
30.222
135.58
2.0754
14.769
7.6155
7.6155
101
17.441
30.222
14.769
28.05
10.602
10.602
36.819
1.6718
9.6962
43.426
65.634
15.214
45.552
15.214
135.58
10.602
11.807
64.272
30.222
2.0754
121.98
11.993
47.008
101
90.728
54.142
54.142
19.92
177.9
13.343
1.6718
14.769
121.98
28.05
14.769
15.214
121.98
101
43.426
101
15.214
7.6155
9.6962
10.602
14.769
64.272
30.222
17.441
15.214
54.142
101
253.43
47.008
45.552
10.602
28.05
24.013
19.878
64.272
14.769
47.008
44.728
82.667
13.343
101
43.426
8.284
101
36.819
45.552
13.343
177.9
11.993
20.614
64.272
121.98
30.222
47.008
43.426
7.6155
11.993
11.807
45.552
121.98
15.214
7.6155
19.92
17.441
90.728
19.92
36.819
45.552
1.6718
101
196.33
36.819
7.6155
30.222
43.426
13.343
11.807
121.98
64.272
19.878
20.614
44.728
121.98
1.6718
64.272
82.667
19.92
24.013
82.667
253.43
17.441
45.552
17.441
8.284
196.33
11.807
32.65
101
65.634
43.426
19.878
16.159
177.9
36.819
1.6718
28.05
32.65
20.614
28.05
82.667
13.343
36.819
43.426
20.614
101
45.552
253.43
16.159
101
13.343
7.6155
54.142
9.6962
44.728
17.441
14.769
45.552
32.65
24.013
90.728
16.159
64.272
14.769
28.05
19.878
196.33
196.33
13.343
64.272
47.008
135.58
20.614
82.667
64.272
7.6155
45.552
28.05
196.33
196.33
101
43.426
196.33
32.65
13.343
82.667
7.6155
7.6155
16.159
64.272
11.993
2.0754
16.159
30.222
45.552
14.769
24.013
20.614
101
177.9
43.426
82.667
13.343
15.214
135.58
177.9
9.6962
64.272
2.0754
11.993
2.0754
7.6155
253.43
54.142
101
196.33
177.9
45.552
43.426
30.222
16.159
101
9.6962
13.343
135.58
101
101
90.728
24.013
24.013
1.6718
14.769
32.65
28.05
30.222
90.728
253.43
19.92
82.667
11.993
177.9
9.6962
9.6962
54.142
47.008
16.159
9.6962
177.9
47.008
1.6718
43.426
2.0754
28.05
19.92
45.552
196.33
121.98
19.92
20.614
30.222
15.214
196.33
177.9
7.6155
64.272
47.008
10.602
15.214
44.728
19.92
47.008
10.602
11.993
9.6962
11.807
10.602
24.013
90.728
7.6155
45.552
121.98
16.159
9.6962
196.33
82.667
28.05
13.343
32.65
121.98
64.272
64.272
82.667
19.878
19.92
16.159
16.159
19.878
15.214
36.819
64.272
82.667
17.441
196.33
177.9
20.614
11.993
17.441
135.58
19.878
54.142
28.05
20.614
65.634
20.614
44.728
135.58
28.05
45.552
101
135.58
177.9
65.634
44.728
15.214
36.819
14.769
8.284
253.43
17.441
19.878
11.993
32.65
64.272
16.159
19.878
11.807
177.9
32.65
47.008
9.6962
32.65
45.552
10.602
64.272
16.159
8.284
64.272
15.214
36.819
44.728
8.284
135.58
19.878
32.65
19.878
135.58
10.602
13.343
15.214
54.142
15.214
9.6962
64.272
43.426
1.6718
32.65
9.6962
2.0754
64.272
47.008
135.58
90.728
30.222
44.728
196.33
14.769
64.272
121.98
121.98
1.6718
1.6718
65.634
11.993
44.728
19.878
90.728
11.993
54.142
44.728
65.634
101
19.878
28.05
82.667
101
1.6718
11.993
9.6962
15.214
13.343
11.993
20.614
20.614
177.9
54.142
28.05
20.614
7.6155
2.0754
36.819
16.159
36.819
177.9
32.65
121.98
44.728
7.6155
64.272
43.426
101
45.552
11.993
135.58
43.426
54.142
65.634
47.008
135.58
1.6718
13.343
45.552
65.634
45.552
54.142
2.0754
9.6962
20.614
17.441
177.9
64.272
54.142
8.284
16.159
36.819
24.013
121.98
47.008
30.222
54.142
13.343
54.142
17.441
24.013
7.6155
13.343
45.552
36.819
10.602
13.343
36.819
13.343
19.92
177.9
2.0754
9.6962
36.819
121.98
43.426
1.6718
90.728
32.65
121.98
15.214
196.33
16.159
1.6718
19.92
135.58
30.222
47.008
101
65.634
135.58
177.9
47.008
45.552
19.92
9.6962
64.272
196.33
11.993
9.6962
44.728
196.33
11.993
196.33
16.159
101
32.65
36.819
65.634
28.05
24.013
17.441
14.769
43.426
13.343
10.602
1.6718
101
11.993
15.214
14.769
32.65
11.993
9.6962
20.614
177.9
1.6718
64.272
177.9
19.92
1.6718
7.6155
177.9
8.284
30.222
11.807
43.426
43.426
1.6718
36.819
43.426
64.272
14.769
43.426
135.58
65.634
15.214
30.222
65.634
47.008
14.769
19.878
196.33
32.65
20.614
8.284
1.6718
28.05
196.33
82.667
121.98
11.807
19.878
15.214
28.05
177.9
36.819
135.58
1.6718
54.142
9.6962
30.222
101
196.33
2.0754
47.008
14.769
24.013
10.602
14.769
11.807
8.284
24.013
15.214
10.602
19.92
196.33
10.602
135.58
16.159
135.58
8.284
11.993
7.6155
16.159
28.05
11.807
253.43
121.98
43.426
44.728
47.008
47.008
16.159
64.272
15.214
90.728
43.426
13.343
11.807
64.272
19.878
101
101
45.552
47.008
30.222
82.667
2.0754
16.159
19.92
16.159
24.013
2.0754
135.58
43.426
10.602
11.993
30.222
177.9
17.441
177.9
64.272
121.98
9.6962
196.33
9.6962
17.441
24.013
44.728
2.0754
32.65
64.272
15.214
9.6962
253.43
43.426
65.634
44.728
10.602
10.602
20.614
253.43
28.05
10.602
30.222
44.728
15.214
19.92
45.552
253.43
9.6962
13.343
11.807
1.6718
24.013
19.92
30.222
24.013
11.807
19.878
177.9
43.426
9.6962
177.9
19.92
14.769
82.667
90.728
11.993
16.159
8.284
43.426
19.92
19.92
90.728
65.634
17.441
9.6962
7.6155
28.05
15.214
9.6962
17.441
64.272
135.58
135.58
20.614
32.65
30.222
196.33
101
32.65
1.6718
177.9
196.33
28.05
36.819
196.33
19.878
30.222
36.819
90.728
17.441
64.272
196.33
16.159
15.214
20.614
20.614
177.9
65.634
14.769
24.013
1.6718
121.98
47.008
19.92
11.993
135.58
28.05
1.6718
14.769
19.878
19.92
47.008
90.728
32.65
16.159
11.807
9.6962
196.33
54.142
32.65
11.993
24.013
16.159
45.552
54.142
19.878
54.142
43.426
32.65
9.6962
10.602
54.142
10.602
44.728
20.614
19.878
13.343
177.9
196.33
20.614
43.426
19.92
16.159
8.284
32.65
135.58
13.343
177.9
16.159
14.769
2.0754
90.728
19.92
19.92
253.43
65.634
36.819
121.98
82.667
8.284
196.33
1.6718
20.614
13.343
36.819
15.214
82.667
47.008
32.65
8.284
43.426
45.552
54.142
14.769
9.6962
36.819
43.426
16.159
19.92
135.58
30.222
36.819
32.65
135.58
30.222
135.58
1.6718
19.92
17.441
43.426
7.6155
45.552
101
135.58
16.159
64.272
47.008
10.602
90.728
36.819
13.343
101
47.008
65.634
65.634
253.43
13.343
11.807
44.728
47.008
17.441
9.6962
135.58
13.343
36.819
253.43
14.769
101
14.769
20.614
44.728
30.222
44.728
19.92
64.272
20.614
