1150
304.65
150.04
201.11
294.7
201.11
150.04
428.63
369.05
536.7
122.39
807.47
678.55
124.05
576.21
197.99
197.99
375.83
285.35
122.39
168.46
725.11
217.58
313.12
203.65
375.83
294.7
479.88
536.7
807.47
124.05
576.21
304.65
61.775
452.27
285.35
322.89
178.79
150.04
536.7
285.35
61.775
150.04
245.3
322.89
576.21
304.65
169.39
135.37
66.909
122.39
150.04
246.33
678.55
246.33
122.39
150.04
266.23
375.83
375.83
576.21
122.39
294.7
375.83
61.775
245.3
369.05
725.11
150.04
183.89
536.7
275.32
322.89
124.05
452.27
375.83
375.83
135.37
294.7
369.05
150.85
725.11
197.99
275.32
285.35
245.3
150.85
197.99
807.47
169.39
479.88
428.63
266.23
201.11
576.21
178.79
201.11
122.39
135.37
169.39
183.89
285.35
197.99
807.47
122.39
217.58
275.32
285.35
304.65
375.83
322.89
428.63
168.46
183.89
168.46
122.39
61.775
536.7
150.85
168.46
275.32
135.37
245.3
197.99
61.775
375.83
150.85
294.7
375.83
183.89
678.55
452.27
304.65
150.04
576.21
201.11
375.83
246.33
322.89
203.65
246.33
375.83
183.89
124.05
452.27
183.89
304.65
245.3
275.32
61.775
313.12
375.83
217.58
150.04
197.99
807.47
122.39
304.65
245.3
245.3
245.3
369.05
141.25
169.39
168.46
294.7
313.12
201.11
294.7
201.11
294.7
275.32
479.88
122.39
183.89
369.05
245.3
245.3
150.85
304.65
197.99
266.23
217.58
725.11
61.775
807.47
135.37
197.99
322.89
807.47
203.65
375.83
322.89
725.11
197.99
369.05
168.46
66.909
294.7
304.65
169.39
725.11
217.58
168.46
576.21
183.89
275.32
807.47
375.83
275.32
66.909
178.79
452.27
266.23
725.11
203.65
159.61
178.79
217.58
678.55
275.32
122.39
61.775
169.39
536.7
124.05
197.99
66.909
245.3
135.37
304.65
275.32
369.05
201.11
245.3
178.79
217.58
178.79
169.39
369.05
169.39
428.63
285.35
536.7
245.3
725.11
150.04
266.23
322.89
375.83
294.7
135.37
428.63
452.27
66.909
122.39
150.04
304.65
322.89
203.65
150.04
183.89
124.05
479.88
122.39
135.37
203.65
217.58
266.23
217.58
135.37
479.88
197.99
304.65
135.37
66.909
479.88
266.23
124.05
313.12
285.35
178.79
150.04
168.46
285.35
168.46
159.61
375.83
169.39
150.04
304.65
313.12
135.37
61.775
369.05
313.12
275.32
576.21
150.04
61.775
246.33
203.65
428.63
66.909
122.39
197.99
61.775
536.7
313.12
479.88
246.33
266.23
294.7
168.46
678.55
536.7
479.88
246.33
141.25
183.89
201.11
304.65
203.65
428.63
479.88
61.775
807.47
294.7
807.47
375.83
294.7
725.11
428.63
135.37
369.05
197.99
452.27
536.7
135.37
294.7
725.11
285.35
122.39
124.05
322.89
183.89
150.04
678.55
725.11
201.11
322.89
725.11
313.12
66.909
245.3
275.32
275.32
201.11
807.47
285.35
141.25
576.21
183.89
428.63
807.47
201.11
807.47
576.21
150.85
285.35
285.35
678.55
313.12
168.46
294.7
217.58
536.7
536.7
135.37
197.99
294.7
285.35
245.3
369.05
245.3
66.909
322.89
266.23
266.23
197.99
452.27
725.11
203.65
150.85
197.99
807.47
576.21
217.58
369.05
61.775
159.61
201.11
266.23
428.63
61.775
178.79
141.25
66.909
217.58
178.79
245.3
266.23
246.33
678.55
428.63
479.88
150.85
159.61
266.23
576.21
159.61
159.61
576.21
678.55
61.775
135.37
246.33
197.99
428.63
452.27
197.99
201.11
197.99
428.63
141.25
135.37
197.99
322.89
452.27
246.33
168.46
159.61
322.89
678.55
66.909
203.65
725.11
159.61
275.32
150.85
304.65
122.39
66.909
313.12
369.05
285.35
169.39
150.04
678.55
313.12
150.85
197.99
122.39
150.04
452.27
304.65
322.89
150.04
428.63
201.11
66.909
245.3
678.55
246.33
536.7
61.775
168.46
201.11
178.79
66.909
61.775
203.65
725.11
322.89
428.63
197.99
178.79
150.85
135.37
135.37
369.05
322.89
197.99
678.55
479.88
375.83
124.05
576.21
159.61
678.55
201.11
266.23
203.65
322.89
66.909
807.47
169.39
275.32
135.37
294.7
159.61
245.3
536.7
807.47
159.61
678.55
124.05
807.47
169.39
122.39
217.58
135.37
313.12
245.3
266.23
275.32
150.85
266.23
61.775
246.33
141.25
169.39
369.05
428.63
245.3
275.32
124.05
66.909
201.11
197.99
479.88
124.05
141.25
428.63
304.65
217.58
178.79
183.89
678.55
168.46
294.7
135.37
201.11
313.12
266.23
807.47
807.47
536.7
266.23
275.32
150.85
725.11
135.37
428.63
294.7
150.85
217.58
246.33
266.23
725.11
313.12
576.21
197.99
150.85
313.12
428.63
201.11
536.7
576.21
183.89
285.35
203.65
479.88
201.11
61.775
245.3
122.39
369.05
66.909
285.35
246.33
183.89
266.23
275.32
169.39
304.65
285.35
275.32
576.21
124.05
807.47
245.3
536.7
183.89
141.25
183.89
428.63
576.21
725.11
61.775
266.23
183.89
122.39
576.21
217.58
304.65
159.61
375.83
124.05
322.89
807.47
304.65
536.7
322.89
576.21
246.33
375.83
183.89
245.3
452.27
452.27
61.775
150.85
725.11
725.11
169.39
183.89
275.32
122.39
245.3
159.61
61.775
536.7
178.79
168.46
135.37
217.58
294.7
807.47
452.27
304.65
135.37
369.05
169.39
217.58
322.89
168.46
159.61
246.33
141.25
183.89
807.47
203.65
197.99
183.89
183.89
168.46
294.7
725.11
66.909
217.58
452.27
124.05
135.37
275.32
536.7
124.05
479.88
168.46
246.33
178.79
313.12
66.909
183.89
141.25
150.04
807.47
375.83
294.7
203.65
168.46
178.79
168.46
141.25
201.11
245.3
197.99
201.11
201.11
150.04
169.39
183.89
169.39
294.7
375.83
217.58
369.05
135.37
285.35
576.21
322.89
217.58
725.11
375.83
479.88
807.47
124.05
246.33
178.79
369.05
66.909
536.7
141.25
203.65
452.27
266.23
246.33
61.775
168.46
203.65
322.89
245.3
452.27
217.58
61.775
150.85
266.23
452.27
197.99
245.3
159.61
159.61
304.65
197.99
150.85
725.11
245.3
428.63
217.58
576.21
576.21
183.89
197.99
266.23
150.85
66.909
183.89
66.909
322.89
178.79
322.89
122.39
322.89
807.47
66.909
135.37
576.21
159.61
678.55
217.58
678.55
807.47
159.61
536.7
141.25
678.55
168.46
452.27
141.25
203.65
183.89
294.7
246.33
678.55
201.11
304.65
678.55
122.39
197.99
245.3
178.79
150.04
576.21
135.37
217.58
245.3
479.88
135.37
169.39
452.27
135.37
61.775
266.23
313.12
375.83
275.32
178.79
141.25
168.46
178.79
201.11
479.88
266.23
266.23
369.05
135.37
169.39
203.65
304.65
201.11
203.65
183.89
536.7
217.58
294.7
428.63
135.37
536.7
150.04
201.11
266.23
197.99
428.63
725.11
678.55
369.05
452.27
245.3
197.99
536.7
275.32
678.55
275.32
369.05
135.37
246.33
479.88
159.61
135.37
159.61
725.11
150.04
807.47
285.35
217.58
428.63
245.3
479.88
201.11
322.89
150.85
168.46
217.58
322.89
197.99
122.39
245.3
322.89
169.39
807.47
169.39
150.85
141.25
285.35
246.33
150.04
203.65
375.83
168.46
150.85
322.89
135.37
201.11
61.775
66.909
197.99
183.89
197.99
178.79
375.83
452.27
246.33
169.39
246.33
122.39
135.37
375.83
536.7
375.83
304.65
725.11
452.27
375.83
245.3
375.83
201.11
66.909
203.65
201.11
245.3
150.04
169.39
304.65
304.65
725.11
159.61
183.89
203.65
150.85
141.25
168.46
375.83
294.7
369.05
141.25
294.7
452.27
217.58
294.7
294.7
807.47
217.58
169.39
246.33
66.909
141.25
369.05
168.46
304.65
369.05
150.85
61.775
285.35
452.27
452.27
266.23
178.79
61.775
201.11
576.21
807.47
197.99
178.79
178.79
428.63
304.65
428.63
217.58
124.05
375.83
725.11
135.37
375.83
322.89
150.04
725.11
294.7
452.27
428.63
124.05
135.37
304.65
66.909
304.65
122.39
150.85
168.46
285.35
275.32
135.37
124.05
245.3
203.65
266.23
197.99
141.25
375.83
369.05
304.65
266.23
294.7
141.25
197.99
285.35
428.63
576.21
313.12
428.63
217.58
294.7
245.3
197.99
201.11
245.3
159.61
159.61
246.33
201.11
678.55
322.89
66.909
217.58
135.37
678.55
375.83
197.99
201.11
807.47
124.05
576.21
197.99
576.21
375.83
61.775
124.05
294.7
201.11
536.7
452.27
135.37
576.21
479.88
141.25
61.775
217.58
201.11
217.58
304.65
135.37
150.85
201.11
678.55
313.12
141.25
135.37
168.46
294.7
183.89
122.39
245.3
304.65
169.39
217.58
479.88
275.32
197.99
304.65
375.83
201.11
61.775
197.99
245.3
369.05
217.58
322.89
150.85
479.88
322.89
61.775
452.27
369.05
807.47
304.65
61.775
183.89
178.79
168.46
536.7
124.05
159.61
245.3
245.3
203.65
428.63
266.23
203.65
678.55
183.89
285.35
150.85
294.7
197.99
369.05
246.33
246.33
169.39
246.33
285.35
313.12
725.11
678.55
725.11
66.909
725.11
285.35
122.39
725.11
245.3
197.99
183.89
304.65
369.05
124.05
725.11
169.39
150.04
203.65
169.39
141.25
375.83
169.39
285.35
369.05
150.04
322.89
197.99
294.7
479.88
304.65
285.35
178.79
452.27
322.89
201.11
452.27
66.909
197.99
61.775
245.3
428.63
275.32
61.775
479.88
150.85
725.11
203.65
66.909
217.58
313.12
201.11
479.88
