1150
2.0754
10.602
19.878
8.284
11.993
24.013
121.98
19.878
20.614
20.614
11.807
44.728
30.222
32.65
10.602
90.728
13.343
16.159
17.441
20.614
82.667
9.6962
8.284
2.0754
24.013
11.993
177.9
47.008
2.0754
253.43
47.008
36.819
19.878
65.634
16.159
43.426
2.0754
32.65
10.602
90.728
82.667
64.272
19.878
90.728
10.602
64.272
253.43
11.993
65.634
36.819
9.6962
9.6962
196.33
36.819
64.272
253.43
45.552
177.9
30.222
13.343
90.728
64.272
253.43
44.728
101
8.284
1.6718
44.728
24.013
196.33
11.807
65.634
11.807
11.993
177.9
11.993
11.807
101
13.343
47.008
2.0754
7.6155
47.008
47.008
196.33
13.343
19.878
11.807
177.9
135.58
7.6155
20.614
10.602
101
36.819
16.159
43.426
28.05
47.008
90.728
253.43
90.728
45.552
1.6718
17.441
7.6155
54.142
20.614
2.0754
28.05
11.993
54.142
14.769
7.6155
64.272
19.878
11.807
11.993
177.9
7.6155
19.878
17.441
54.142
82.667
7.6155
47.008
64.272
54.142
13.343
45.552
11.807
13.343
20.614
43.426
15.214
177.9
44.728
135.58
13.343
45.552
54.142
20.614
47.008
8.284
14.769
7.6155
32.65
14.769
2.0754
13.343
28.05
44.728
82.667
19.92
1.6718
90.728
15.214
135.58
90.728
90.728
64.272
19.92
45.552
24.013
90.728
24.013
32.65
19.878
90.728
2.0754
135.58
43.426
28.05
45.552
177.9
121.98
19.878
82.667
7.6155
36.819
15.214
253.43
9.6962
43.426
196.33
54.142
47.008
7.6155
90.728
45.552
121.98
54.142
177.9
43.426
13.343
20.614
54.142
54.142
64.272
65.634
24.013
10.602
177.9
47.008
135.58
135.58
24.013
64.272
19.878
101
11.807
177.9
177.9
90.728
8.284
65.634
135.58
44.728
65.634
44.728
9.6962
2.0754
177.9
28.05
17.441
196.33
19.92
36.819
10.602
11.807
15.214
24.013
43.426
11.807
44.728
30.222
253.43
10.602
28.05
19.92
7.6155
82.667
101
101
19.92
121.98
28.05
36.819
19.92
196.33
9.6962
9.6962
36.819
30.222
13.343
45.552
196.33
47.008
19.878
19.92
30.222
28.05
177.9
47.008
121.98
13.343
24.013
47.008
45.552
19.878
90.728
30.222
10.602
19.92
19.878
9.6962
121.98
45.552
15.214
43.426
20.614
65.634
10.602
2.0754
44.728
20.614
82.667
36.819
20.614
13.343
14.769
44.728
20.614
54.142
16.159
8.284
47.008
9.6962
10.602
44.728
54.142
14.769
45.552
43.426
45.552
2.0754
32.65
9.6962
65.634
135.58
24.013
47.008
30.222
90.728
7.6155
196.33
16.159
44.728
253.43
10.602
19.878
45.552
43.426
7.6155
13.343
30.222
121.98
11.993
8.284
7.6155
45.552
15.214
45.552
90.728
16.159
11.993
16.159
177.9
90.728
2.0754
11.993
82.667
45.552
8.284
13.343
20.614
43.426
16.159
20.614
1.6718
54.142
47.008
11.807
90.728
82.667
2.0754
135.58
2.0754
43.426
9.6962
64.272
30.222
19.878
13.343
1.6718
90.728
135.58
20.614
32.65
24.013
44.728
54.142
43.426
15.214
196.33
16.159
101
36.819
82.667
177.9
7.6155
10.602
8.284
30.222
28.05
196.33
135.58
14.769
11.807
47.008
45.552
7.6155
47.008
253.43
43.426
1.6718
19.878
135.58
14.769
14.769
7.6155
135.58
10.602
16.159
45.552
17.441
177.9
24.013
8.284
19.92
253.43
135.58
135.58
1.6718
30.222
19.878
121.98
14.769
28.05
7.6155
65.634
15.214
28.05
135.58
7.6155
54.142
90.728
65.634
13.343
24.013
82.667
121.98
7.6155
24.013
36.819
24.013
135.58
47.008
44.728
135.58
11.993
135.58
17.441
101
64.272
20.614
17.441
11.807
177.9
32.65
121.98
47.008
177.9
11.993
11.807
121.98
10.602
11.807
11.993
82.667
28.05
54.142
54.142
47.008
10.602
17.441
30.222
15.214
28.05
196.33
7.6155
101
15.214
15.214
8.284
65.634
54.142
19.92
196.33
20.614
64.272
82.667
65.634
9.6962
135.58
19.878
90.728
28.05
36.819
54.142
65.634
36.819
36.819
90.728
1.6718
90.728
177.9
9.6962
30.222
65.634
64.272
17.441
2.0754
90.728
64.272
7.6155
47.008
43.426
43.426
7.6155
1.6718
9.6962
9.6962
24.013
24.013
196.33
19.878
9.6962
8.284
101
16.159
30.222
121.98
2.0754
13.343
8.284
9.6962
24.013
36.819
9.6962
20.614
177.9
24.013
19.92
24.013
9.6962
11.993
9.6962
15.214
65.634
1.6718
196.33
7.6155
1.6718
11.807
65.634
45.552
90.728
19.92
7.6155
14.769
121.98
15.214
36.819
24.013
30.222
253.43
24.013
19.92
7.6155
177.9
36.819
47.008
32.65
44.728
17.441
28.05
64.272
90.728
19.92
11.993
43.426
19.878
28.05
14.769
121.98
47.008
44.728
44.728
16.159
9.6962
24.013
90.728
11.993
24.013
15.214
177.9
14.769
135.58
20.614
24.013
11.993
64.272
11.807
135.58
15.214
1.6718
7.6155
65.634
196.33
28.05
36.819
16.159
19.92
17.441
45.552
43.426
253.43
196.33
177.9
13.343
15.214
90.728
90.728
30.222
65.634
7.6155
47.008
7.6155
7.6155
11.993
47.008
121.98
45.552
253.43
1.6718
19.878
64.272
44.728
196.33
10.602
36.819
2.0754
121.98
30.222
177.9
13.343
253.43
11.807
32.65
15.214
44.728
19.878
20.614
36.819
54.142
43.426
1.6718
43.426
11.807
13.343
177.9
44.728
11.807
177.9
14.769
47.008
11.807
14.769
43.426
15.214
90.728
121.98
28.05
19.92
30.222
44.728
10.602
45.552
253.43
24.013
24.013
13.343
36.819
54.142
1.6718
101
43.426
121.98
101
196.33
24.013
28.05
16.159
32.65
65.634
24.013
44.728
1.6718
11.807
30.222
177.9
19.878
45.552
121.98
16.159
10.602
10.602
32.65
11.807
32.65
177.9
253.43
8.284
90.728
82.667
2.0754
2.0754
82.667
196.33
47.008
90.728
10.602
177.9
20.614
16.159
177.9
7.6155
135.58
7.6155
64.272
10.602
11.807
13.343
28.05
19.878
10.602
9.6962
15.214
10.602
44.728
11.993
44.728
64.272
7.6155
82.667
36.819
20.614
177.9
32.65
19.92
121.98
177.9
16.159
32.65
7.6155
24.013
54.142
196.33
2.0754
82.667
32.65
28.05
135.58
2.0754
65.634
28.05
177.9
28.05
30.222
90.728
19.878
13.343
16.159
2.0754
11.807
11.807
8.284
44.728
24.013
43.426
14.769
11.993
45.552
17.441
1.6718
14.769
13.343
253.43
44.728
121.98
2.0754
19.878
8.284
17.441
19.92
32.65
196.33
30.222
14.769
45.552
1.6718
19.92
47.008
65.634
90.728
82.667
11.807
45.552
177.9
253.43
47.008
64.272
10.602
32.65
14.769
253.43
19.92
32.65
196.33
13.343
8.284
16.159
11.807
65.634
11.993
11.807
9.6962
8.284
11.807
14.769
43.426
121.98
7.6155
14.769
36.819
1.6718
196.33
19.878
8.284
43.426
177.9
177.9
13.343
177.9
14.769
65.634
11.993
32.65
121.98
47.008
135.58
17.441
16.159
9.6962
11.993
28.05
11.807
65.634
24.013
7.6155
16.159
90.728
14.769
30.222
17.441
47.008
14.769
24.013
11.807
64.272
135.58
54.142
82.667
45.552
45.552
9.6962
19.92
20.614
8.284
30.222
2.0754
47.008
16.159
82.667
44.728
16.159
45.552
43.426
54.142
24.013
45.552
65.634
44.728
11.807
90.728
17.441
20.614
121.98
7.6155
1.6718
14.769
32.65
65.634
30.222
13.343
253.43
24.013
11.807
90.728
15.214
10.602
1.6718
7.6155
177.9
17.441
20.614
45.552
14.769
54.142
196.33
28.05
54.142
17.441
64.272
36.819
11.807
11.993
101
45.552
47.008
19.878
8.284
7.6155
1.6718
30.222
28.05
24.013
17.441
47.008
16.159
65.634
11.993
24.013
54.142
2.0754
10.602
15.214
17.441
13.343
90.728
15.214
43.426
44.728
47.008
8.284
9.6962
10.602
24.013
19.92
90.728
2.0754
19.878
44.728
11.807
121.98
7.6155
32.65
36.819
14.769
43.426
19.92
7.6155
2.0754
16.159
43.426
64.272
13.343
121.98
8.284
177.9
43.426
54.142
11.993
2.0754
17.441
20.614
196.33
24.013
24.013
135.58
32.65
9.6962
82.667
253.43
24.013
19.92
82.667
19.92
253.43
28.05
43.426
15.214
135.58
90.728
10.602
36.819
17.441
2.0754
196.33
15.214
19.92
30.222
121.98
13.343
8.284
135.58
13.343
11.993
82.667
196.33
15.214
2.0754
1.6718
64.272
8.284
82.667
11.993
15.214
9.6962
20.614
253.43
7.6155
30.222
28.05
14.769
36.819
15.214
19.92
64.272
1.6718
135.58
2.0754
43.426
11.807
177.9
54.142
253.43
19.92
2.0754
28.05
32.65
64.272
90.728
11.993
101
7.6155
2.0754
10.602
32.65
19.92
64.272
65.634
9.6962
135.58
14.769
7.6155
19.878
101
47.008
15.214
8.284
19.878
32.65
43.426
19.878
13.343
45.552
15.214
9.6962
45.552
16.159
16.159
32.65
15.214
47.008
15.214
90.728
177.9
177.9
19.92
19.878
11.993
45.552
253.43
121.98
9.6962
43.426
8.284
82.667
64.272
196.33
10.602
9.6962
43.426
253.43
7.6155
121.98
90.728
11.807
8.284
2.0754
17.441
82.667
11.993
7.6155
28.05
8.284
64.272
82.667
44.728
82.667
43.426
8.284
45.552
121.98
8.284
1.6718
196.33
32.65
121.98
17.441
1.6718
19.878
11.993
7.6155
8.284
32.65
10.602
47.008
2.0754
64.272
196.33
11.993
20.614
11.993
13.343
43.426
64.272
253.43
28.05
177.9
15.214
65.634
121.98
101
43.426
196.33
82.667
9.6962
