1150
35.644
8.9815
5.9229
0.98732
20.452
5.0718
1.1903
5.0718
12.235
0.98732
20.452
9.0302
19.092
9.0302
17.925
14.979
5.9229
19.092
35.644
7.0474
10.89
6.1516
7.6882
5.0718
9.0302
19.092
23.224
6.7896
4.0186
19.092
8.9815
6.1516
17.925
12.711
23.224
23.224
20.452
15.314
1.1903
17.925
4.6884
5.0718
5.4625
6.9315
12.235
4.2716
10.408
5.5038
32.024
8.9815
3.5356
8.9815
1.1903
6.1516
29.915
1.1903
6.9315
9.9734
35.644
15.314
9.0302
23.224
29.915
19.092
6.9315
6.9315
25.125
10.89
9.9734
12.711
11.341
32.024
10.408
17.925
25.125
23.224
12.235
11.823
10.408
11.341
5.9229
32.024
25.125
6.9315
12.235
9.9734
5.9229
19.092
25.125
7.6882
5.4625
19.092
7.6882
4.6527
6.7896
10.408
5.5038
4.6527
3.5356
12.711
11.341
32.024
29.915
23.224
4.2716
5.5038
9.0302
6.9315
3.4655
12.711
4.0186
17.925
11.341
15.314
19.092
4.2716
5.0718
35.644
5.5038
5.4625
12.235
11.823
15.314
11.823
5.9229
14.979
5.4625
17.925
23.224
9.0302
11.823
4.6527
19.092
5.0718
4.6527
5.0718
5.5038
6.1516
19.092
5.0718
4.0186
6.1516
19.092
11.823
7.6882
15.314
6.7896
7.6882
10.408
4.6527
32.024
11.341
6.1516
7.0474
10.89
5.5038
9.9734
35.644
23.224
15.314
3.4655
4.0186
3.5356
7.0474
11.823
11.823
10.89
7.0474
8.9815
0.98732
11.341
5.4625
19.092
25.125
35.644
5.4625
17.925
0.98732
4.0186
25.125
14.979
5.4625
0.98732
10.89
32.024
14.979
1.1903
7.6882
0.98732
9.0302
5.5038
6.9315
20.452
32.024
7.6882
19.092
14.979
10.408
5.0718
35.644
5.4625
11.341
5.9229
20.452
19.092
10.89
14.979
5.5038
4.6527
29.915
4.2716
32.024
11.823
7.0474
4.2716
8.9815
5.0718
17.925
12.711
9.9734
29.915
10.408
32.024
4.6527
8.9815
0.98732
32.024
19.092
6.1516
4.0186
6.7896
5.5038
23.224
6.9315
14.979
11.823
35.644
4.0186
17.925
5.4625
6.9315
7.0474
7.0474
15.314
4.0186
7.0474
4.6884
10.89
12.235
4.6884
5.4625
35.644
7.6882
10.408
8.9815
4.6527
10.89
5.0718
5.9229
9.9734
35.644
11.341
12.235
4.6527
5.0718
19.092
4.6884
23.224
32.024
11.823
11.341
6.9315
10.408
9.0302
4.2716
17.925
4.6527
3.5356
14.979
10.408
3.5356
35.644
4.6527
5.9229
5.9229
1.1903
10.408
11.341
9.9734
6.1516
9.9734
12.711
3.5356
14.979
3.4655
5.0718
35.644
32.024
8.9815
6.1516
10.89
25.125
4.0186
29.915
8.9815
17.925
5.5038
4.0186
11.341
11.341
32.024
5.0718
5.5038
25.125
20.452
20.452
17.925
19.092
23.224
15.314
0.98732
5.5038
4.0186
5.9229
19.092
3.5356
23.224
29.915
1.1903
4.2716
6.9315
9.0302
5.0718
3.5356
6.9315
9.9734
5.4625
3.4655
9.9734
5.9229
23.224
29.915
4.2716
12.711
12.711
11.341
8.9815
15.314
9.9734
0.98732
12.235
17.925
7.6882
4.6527
20.452
11.341
5.4625
5.5038
20.452
8.9815
5.0718
10.408
4.2716
10.408
5.0718
7.6882
4.6527
20.452
23.224
35.644
4.0186
4.2716
6.7896
17.925
10.89
5.4625
3.4655
19.092
10.408
10.89
10.408
12.711
23.224
5.9229
12.235
20.452
9.9734
10.408
4.0186
9.9734
12.235
12.235
10.408
19.092
7.0474
1.1903
9.0302
12.235
32.024
5.0718
3.4655
14.979
32.024
35.644
6.1516
6.7896
12.235
32.024
5.9229
17.925
10.89
20.452
6.7896
0.98732
20.452
9.0302
9.9734
3.5356
19.092
8.9815
10.408
6.9315
9.9734
4.0186
12.235
19.092
25.125
4.6527
10.89
6.7896
3.5356
6.9315
3.4655
6.1516
4.6527
5.9229
6.7896
5.0718
11.341
12.711
5.5038
10.89
4.6884
9.0302
0.98732
6.7896
25.125
23.224
6.1516
9.0302
23.224
25.125
4.2716
8.9815
3.5356
15.314
5.5038
29.915
10.89
6.9315
3.4655
7.6882
0.98732
1.1903
4.6884
0.98732
3.5356
4.6527
0.98732
15.314
7.0474
25.125
7.6882
19.092
14.979
7.6882
3.5356
11.823
4.6527
4.6884
15.314
4.6884
4.0186
17.925
5.5038
29.915
3.4655
15.314
6.7896
8.9815
35.644
0.98732
8.9815
29.915
9.0302
25.125
10.408
25.125
4.0186
11.341
32.024
5.4625
7.6882
35.644
20.452
5.0718
17.925
29.915
6.7896
12.711
19.092
32.024
11.341
4.2716
10.89
5.4625
15.314
12.711
35.644
10.89
4.2716
9.9734
6.9315
12.711
4.2716
20.452
5.5038
19.092
3.5356
6.7896
15.314
10.89
5.5038
5.0718
11.823
5.9229
19.092
4.6527
4.0186
3.5356
32.024
7.6882
12.235
4.2716
12.235
19.092
32.024
25.125
5.4625
9.9734
8.9815
17.925
1.1903
8.9815
35.644
12.235
6.9315
20.452
10.89
7.0474
5.0718
9.0302
3.4655
10.89
19.092
5.4625
5.9229
6.7896
17.925
4.2716
17.925
29.915
3.5356
12.235
12.235
9.9734
12.711
3.4655
10.89
4.0186
11.341
35.644
19.092
23.224
12.711
6.1516
11.341
25.125
5.0718
5.9229
32.024
6.7896
0.98732
11.823
6.7896
10.89
9.0302
12.711
32.024
3.5356
4.6884
5.4625
8.9815
5.5038
10.89
4.2716
25.125
11.341
6.9315
10.89
7.0474
5.4625
10.408
6.9315
9.9734
8.9815
11.341
3.5356
7.6882
23.224
10.408
0.98732
35.644
25.125
4.6527
7.0474
12.235
14.979
19.092
5.0718
3.4655
19.092
1.1903
0.98732
4.6527
25.125
32.024
15.314
10.408
9.0302
20.452
5.0718
9.0302
12.711
6.1516
11.823
14.979
6.9315
10.408
32.024
6.1516
10.408
10.408
5.4625
9.0302
10.89
4.0186
14.979
3.4655
0.98732
35.644
10.89
29.915
4.0186
5.0718
7.0474
7.6882
35.644
7.6882
35.644
19.092
4.0186
7.0474
6.1516
4.0186
35.644
23.224
9.0302
11.341
10.89
9.9734
10.408
7.0474
5.9229
12.235
6.7896
12.711
1.1903
10.408
9.0302
9.0302
12.235
35.644
10.408
6.9315
11.823
7.0474
23.224
7.6882
5.9229
15.314
10.89
6.9315
20.452
9.0302
11.341
7.6882
4.6884
12.235
25.125
12.711
10.89
11.823
10.408
9.0302
35.644
1.1903
9.9734
6.9315
8.9815
19.092
32.024
25.125
25.125
12.711
6.7896
4.0186
25.125
12.711
10.408
10.89
5.4625
12.711
17.925
10.89
32.024
10.89
12.235
12.711
6.7896
4.0186
0.98732
4.6884
5.4625
12.235
5.0718
19.092
5.4625
7.6882
10.89
4.6527
1.1903
14.979
3.4655
5.9229
3.4655
4.2716
3.4655
29.915
10.408
14.979
4.2716
17.925
4.0186
11.341
14.979
7.6882
6.1516
4.0186
3.5356
12.235
7.6882
5.9229
19.092
9.9734
15.314
6.1516
5.0718
17.925
9.9734
23.224
1.1903
3.5356
9.9734
9.0302
4.0186
11.823
9.0302
11.341
3.4655
9.0302
10.89
0.98732
10.89
20.452
10.408
25.125
3.5356
5.9229
9.9734
9.9734
14.979
3.4655
7.0474
32.024
3.5356
4.2716
11.341
4.6527
15.314
5.0718
6.9315
20.452
3.4655
9.9734
19.092
9.9734
1.1903
5.5038
25.125
19.092
7.0474
35.644
14.979
20.452
19.092
6.9315
6.1516
3.5356
12.711
10.89
10.89
23.224
8.9815
6.1516
5.0718
5.0718
5.5038
17.925
12.235
6.9315
6.9315
10.89
8.9815
20.452
32.024
11.341
5.5038
5.0718
20.452
1.1903
35.644
9.9734
25.125
3.4655
10.89
4.2716
11.341
9.0302
5.9229
0.98732
0.98732
35.644
3.4655
4.6884
0.98732
29.915
1.1903
10.89
5.4625
19.092
7.0474
6.9315
10.408
4.0186
5.9229
5.0718
9.9734
10.89
23.224
4.0186
4.2716
12.235
7.6882
6.1516
5.0718
4.0186
11.341
20.452
9.9734
15.314
9.0302
9.0302
29.915
8.9815
17.925
3.5356
19.092
9.9734
10.89
10.408
4.6884
17.925
10.89
7.0474
17.925
7.0474
7.6882
5.5038
7.6882
9.9734
15.314
5.9229
9.9734
6.9315
8.9815
7.0474
5.5038
19.092
6.1516
15.314
4.2716
25.125
35.644
10.408
15.314
19.092
23.224
17.925
25.125
5.9229
15.314
7.0474
4.6884
6.7896
12.235
8.9815
4.6884
23.224
11.823
4.0186
1.1903
8.9815
6.9315
8.9815
5.5038
3.5356
12.235
5.9229
35.644
4.6884
10.89
25.125
25.125
4.2716
10.89
10.408
5.0718
7.6882
8.9815
9.0302
12.235
3.4655
5.4625
0.98732
5.9229
8.9815
32.024
12.235
1.1903
12.235
29.915
8.9815
4.6527
4.6527
5.5038
0.98732
23.224
6.1516
5.4625
11.823
14.979
8.9815
8.9815
9.9734
6.9315
17.925
17.925
6.1516
17.925
11.823
29.915
7.0474
4.6527
5.0718
29.915
17.925
5.9229
23.224
3.5356
4.0186
6.9315
6.9315
29.915
11.341
17.925
20.452
9.0302
9.9734
32.024
8.9815
4.6884
23.224
4.0186
12.235
25.125
11.823
4.0186
8.9815
10.89
17.925
15.314
7.6882
0.98732
25.125
12.711
12.711
6.1516
4.2716
6.1516
35.644
35.644
3.5356
29.915
10.408
17.925
11.341
10.89
4.0186
7.0474
4.2716
7.6882
10.408
14.979
3.4655
1.1903
3.5356
3.5356
29.915
4.6884
3.4655
20.452
4.6527
4.2716
12.711
9.0302
4.2716
20.452
11.341
5.5038
17.925
11.341
5.9229
4.0186
20.452
29.915
1.1903
5.5038
5.5038
9.0302
5.5038
35.644
5.0718
35.644
5.0718
7.6882
4.0186
6.9315
11.823
10.408
35.644
6.9315
6.9315
4.0186
35.644
9.0302
19.092
6.1516
3.5356
4.6884
5.9229
6.9315
14.979
5.0718
12.711
14.979
9.0302
8.9815
35.644
5.0718
9.9734
9.9734
7.6882
1.1903
6.1516
5.4625
9.0302
11.823
6.9315
19.092
35.644
20.452
6.7896
10.89
0.98732
10.408
5.0718
4.6527
15.314
4.2716
11.341
8.9815
29.915
4.6527
19.092
11.823
29.915
9.9734
6.9315
5.4625
5.4625
25.125
5.0718
19.092
15.314
9.0302
5.5038
11.823
7.6882
4.0186
6.1516
12.711
9.0302
7.6882
3.4655
15.314
4.2716
4.6527
10.89
11.341
