1150
28.409
21.553
58.581
46.305
12.266
16.456
37.141
15.288
16.789
17.414
28.409
17.6
23.433
23.124
58.581
17.6
28.409
14.695
12.266
23.433
19.441
15.339
28.083
17.6
23.124
83.914
16.456
32.547
37.141
23.124
16.456
28.409
15.339
17.414
17.6
28.083
17.6
25.667
58.581
20.554
12.114
14.087
46.305
19.441
16.456
34.547
83.914
46.305
46.305
16.089
58.581
17.6
23.433
15.707
42.615
32.547
14.695
12.266
19.968
21.553
16.456
16.789
17.6
16.789
32.547
17.414
16.207
18.45
15.339
19.968
83.914
16.089
12.266
17.424
16.789
12.266
23.629
15.288
20.554
14.087
23.124
14.952
20.554
15.288
15.707
83.914
28.409
15.339
16.207
14.952
16.089
15.339
34.547
14.695
16.789
64.335
83.914
14.695
58.581
14.952
28.083
18.45
23.124
15.288
83.914
14.952
58.581
23.629
17.6
12.114
37.141
16.089
23.629
21.553
14.285
20.554
20.554
23.629
21.553
16.089
58.581
58.581
32.547
64.335
25.667
17.414
17.414
25.667
16.089
46.305
19.968
15.339
14.695
58.581
19.441
64.335
17.424
23.974
23.124
14.087
14.695
16.089
14.285
16.089
32.547
16.456
64.335
21.553
14.695
58.581
14.285
15.339
14.695
23.433
15.707
14.087
23.433
14.695
15.339
25.667
64.335
42.615
14.952
17.424
12.266
58.581
14.285
42.615
19.968
14.695
28.083
12.114
14.695
23.974
17.414
14.087
17.6
15.707
14.285
23.974
14.952
23.433
20.554
14.285
15.707
19.441
37.141
16.207
18.45
23.629
15.707
14.285
14.087
20.554
83.914
23.629
58.581
64.335
14.952
15.339
15.339
14.695
83.914
16.207
16.789
42.615
19.968
17.414
23.629
23.629
16.789
15.339
37.141
16.089
16.089
18.45
58.581
15.339
17.424
58.581
37.141
28.083
16.089
17.424
15.288
23.629
14.695
23.124
25.667
83.914
34.547
17.414
19.441
46.305
42.615
19.968
58.581
19.968
28.409
17.424
28.083
83.914
14.695
37.141
19.441
14.952
32.547
28.409
17.6
23.629
58.581
12.114
23.974
12.114
19.968
17.424
14.695
14.952
46.305
19.968
20.554
25.667
20.554
21.553
23.124
28.083
17.6
34.547
23.974
16.789
16.789
28.083
14.952
28.409
12.114
17.6
23.433
28.409
15.288
19.441
23.124
83.914
16.207
15.707
15.707
25.667
18.45
19.441
14.695
14.087
18.45
20.554
14.695
34.547
15.288
14.285
23.974
14.285
12.114
37.141
17.424
23.124
17.6
14.695
12.266
34.547
15.288
64.335
19.968
28.083
83.914
83.914
15.707
16.456
37.141
42.615
14.087
23.433
64.335
25.667
16.789
14.952
64.335
16.456
18.45
42.615
12.266
14.952
17.414
16.207
12.266
20.554
23.433
18.45
19.441
58.581
28.083
23.124
25.667
17.414
23.124
15.339
17.424
25.667
16.456
16.207
21.553
19.968
19.441
32.547
20.554
14.087
15.707
15.707
14.952
15.288
19.441
34.547
19.441
12.114
46.305
12.266
83.914
17.414
12.114
14.952
12.114
17.414
18.45
16.089
15.288
58.581
12.266
14.087
32.547
23.974
23.124
17.6
17.6
37.141
28.409
14.695
12.114
23.433
64.335
15.707
20.554
34.547
14.285
18.45
23.433
19.441
46.305
58.581
19.968
25.667
23.974
14.087
18.45
17.414
15.339
19.441
32.547
21.553
34.547
15.339
23.433
15.707
14.285
28.409
16.456
14.952
19.441
21.553
20.554
15.288
25.667
28.409
17.424
14.952
12.266
14.285
58.581
14.285
34.547
16.089
32.547
20.554
16.789
14.087
34.547
34.547
42.615
42.615
19.441
16.789
83.914
32.547
20.554
16.089
14.952
58.581
17.414
58.581
15.339
83.914
19.441
83.914
12.266
12.266
37.141
14.952
83.914
12.114
21.553
14.087
83.914
16.789
64.335
37.141
16.089
17.424
12.266
15.707
17.424
28.083
12.114
15.707
17.414
28.083
83.914
23.974
28.409
18.45
23.629
32.547
21.553
83.914
58.581
18.45
28.083
25.667
14.695
17.6
34.547
14.952
46.305
58.581
14.695
28.083
18.45
83.914
28.409
64.335
23.974
23.629
23.629
25.667
23.629
64.335
16.456
64.335
28.083
37.141
19.968
16.789
17.424
37.141
21.553
64.335
14.695
15.288
14.285
64.335
16.207
42.615
18.45
37.141
14.695
12.114
17.424
19.968
12.114
83.914
19.968
32.547
16.456
14.285
34.547
23.974
12.114
37.141
12.114
20.554
17.424
14.952
17.6
42.615
58.581
15.288
42.615
14.087
34.547
34.547
16.089
58.581
20.554
28.083
12.114
23.433
15.288
18.45
20.554
34.547
16.089
28.083
18.45
17.6
20.554
16.089
58.581
18.45
17.424
58.581
17.6
17.6
34.547
83.914
16.207
58.581
42.615
25.667
17.424
16.207
17.6
14.695
15.707
14.695
17.6
15.288
25.667
23.433
14.087
46.305
20.554
28.409
17.424
15.288
23.433
20.554
28.083
14.087
14.087
23.433
23.433
23.433
12.266
23.974
58.581
16.456
17.6
19.441
14.285
64.335
23.433
23.629
21.553
17.414
46.305
25.667
28.409
23.629
21.553
42.615
16.089
12.114
12.266
23.433
28.409
16.789
12.266
14.087
37.141
16.207
20.554
23.433
19.968
14.087
14.952
19.968
46.305
14.087
15.339
28.409
19.441
14.285
25.667
37.141
16.789
46.305
14.285
83.914
23.974
17.414
42.615
16.089
23.433
14.285
18.45
15.707
15.288
16.456
19.441
16.456
12.114
37.141
14.695
32.547
19.441
37.141
17.414
14.087
12.266
17.414
23.433
20.554
14.087
37.141
23.124
58.581
25.667
14.695
16.789
20.554
21.553
12.114
46.305
58.581
23.629
25.667
14.087
18.45
21.553
19.441
23.974
20.554
20.554
14.952
16.789
21.553
58.581
20.554
83.914
64.335
16.089
23.433
46.305
23.124
17.414
46.305
16.089
46.305
14.952
28.083
34.547
28.409
17.424
28.409
15.288
17.6
23.433
34.547
28.083
14.952
23.124
34.547
19.441
34.547
16.207
16.089
28.409
83.914
19.968
20.554
18.45
42.615
25.667
14.285
14.695
23.629
18.45
23.433
25.667
15.707
21.553
17.414
15.339
14.952
25.667
58.581
12.114
14.285
28.083
15.339
58.581
17.424
23.124
28.409
15.707
19.441
42.615
16.089
23.629
83.914
42.615
25.667
28.409
17.6
16.789
18.45
37.141
15.339
46.305
16.456
12.266
58.581
21.553
14.695
19.441
18.45
19.441
21.553
19.441
16.789
16.207
37.141
28.083
37.141
16.789
64.335
16.789
12.114
28.083
12.114
14.952
23.974
25.667
14.952
15.707
19.441
28.409
15.288
28.083
21.553
15.707
17.424
46.305
17.414
42.615
25.667
23.124
37.141
19.968
83.914
34.547
23.629
46.305
19.968
17.6
64.335
58.581
28.409
23.629
15.288
19.441
37.141
15.288
12.266
21.553
21.553
17.6
15.707
17.6
64.335
28.409
23.974
15.288
14.285
14.952
21.553
14.952
16.207
37.141
12.266
18.45
23.124
37.141
34.547
28.409
42.615
12.266
15.288
15.707
25.667
19.441
28.409
19.968
12.266
18.45
46.305
25.667
17.6
14.952
16.089
34.547
12.114
15.339
16.207
12.266
16.207
14.695
34.547
28.409
19.968
25.667
20.554
14.695
23.629
14.285
12.114
32.547
23.433
28.409
16.456
14.952
32.547
46.305
14.285
21.553
17.6
23.974
37.141
14.087
15.288
19.441
42.615
18.45
32.547
16.207
15.288
64.335
28.409
23.974
34.547
12.114
23.974
20.554
17.414
83.914
15.288
64.335
83.914
32.547
15.339
14.695
23.974
12.114
14.285
18.45
32.547
14.695
37.141
14.952
12.114
23.124
34.547
21.553
20.554
42.615
17.414
12.266
23.974
12.266
14.087
42.615
34.547
23.124
18.45
16.789
15.707
14.285
28.409
58.581
46.305
18.45
15.339
16.456
17.6
42.615
20.554
12.266
14.285
16.789
19.441
37.141
20.554
46.305
23.433
58.581
16.789
23.974
16.207
14.285
12.266
58.581
16.089
16.207
16.789
28.083
14.695
12.114
25.667
21.553
23.629
32.547
14.285
42.615
15.288
23.629
42.615
17.414
83.914
34.547
23.124
15.707
15.707
28.083
17.414
23.433
17.6
12.266
16.456
23.124
64.335
23.974
14.695
18.45
14.285
23.124
15.339
17.424
46.305
17.414
15.288
17.414
12.114
28.083
17.6
28.083
20.554
28.083
83.914
20.554
20.554
34.547
23.433
32.547
28.083
32.547
17.6
17.6
28.409
20.554
17.414
32.547
16.089
37.141
15.288
32.547
19.968
18.45
14.952
28.409
25.667
34.547
58.581
23.124
16.207
17.424
15.339
32.547
64.335
14.285
28.409
23.124
14.285
42.615
16.089
20.554
25.667
32.547
42.615
64.335
15.339
23.629
14.952
12.114
15.288
83.914
28.409
64.335
23.629
17.6
14.285
23.124
21.553
19.968
14.087
15.707
19.968
17.424
32.547
16.089
25.667
14.952
17.414
64.335
46.305
23.124
28.409
14.285
83.914
23.433
17.424
23.124
42.615
19.968
18.45
14.952
25.667
46.305
23.124
14.695
16.089
64.335
19.968
64.335
16.089
12.266
25.667
19.968
15.339
15.288
19.968
19.968
14.952
14.285
20.554
15.339
17.414
37.141
20.554
58.581
28.083
23.629
19.968
25.667
19.968
17.424
23.124
28.083
16.089
21.553
28.409
16.089
19.968
32.547
23.433
19.441
58.581
46.305
58.581
12.114
14.695
46.305
23.629
18.45
34.547
19.968
15.707
46.305
23.974
64.335
19.968
21.553
14.285
15.339
20.554
17.424
20.554
14.285
42.615
34.547
17.6
34.547
21.553
17.6
21.553
14.952
12.266
