1150
375.83
275.32
678.55
576.21
66.909
178.79
479.88
150.04
183.89
197.99
375.83
201.11
304.65
285.35
678.55
201.11
375.83
135.37
66.909
304.65
245.3
150.85
369.05
201.11
285.35
807.47
178.79
428.63
479.88
285.35
178.79
375.83
150.85
197.99
201.11
369.05
201.11
322.89
678.55
266.23
61.775
122.39
576.21
245.3
178.79
452.27
807.47
576.21
576.21
168.46
678.55
201.11
304.65
159.61
536.7
428.63
135.37
66.909
246.33
275.32
178.79
183.89
201.11
183.89
428.63
197.99
169.39
217.58
150.85
246.33
807.47
168.46
66.909
203.65
183.89
66.909
294.7
150.04
266.23
122.39
285.35
141.25
266.23
150.04
159.61
807.47
375.83
150.85
169.39
141.25
168.46
150.85
452.27
135.37
183.89
725.11
807.47
135.37
678.55
141.25
369.05
217.58
285.35
150.04
807.47
141.25
678.55
294.7
201.11
61.775
479.88
168.46
294.7
275.32
124.05
266.23
266.23
294.7
275.32
168.46
678.55
678.55
428.63
725.11
322.89
197.99
197.99
322.89
168.46
576.21
246.33
150.85
135.37
678.55
245.3
725.11
203.65
313.12
285.35
122.39
135.37
168.46
124.05
168.46
428.63
178.79
725.11
275.32
135.37
678.55
124.05
150.85
135.37
304.65
159.61
122.39
304.65
135.37
150.85
322.89
725.11
536.7
141.25
203.65
66.909
678.55
124.05
536.7
246.33
135.37
369.05
61.775
135.37
313.12
197.99
122.39
201.11
159.61
124.05
313.12
141.25
304.65
266.23
124.05
159.61
245.3
479.88
169.39
217.58
294.7
159.61
124.05
122.39
266.23
807.47
294.7
678.55
725.11
141.25
150.85
150.85
135.37
807.47
169.39
183.89
536.7
246.33
197.99
294.7
294.7
183.89
150.85
479.88
168.46
168.46
217.58
678.55
150.85
203.65
678.55
479.88
369.05
168.46
203.65
150.04
294.7
135.37
285.35
322.89
807.47
452.27
197.99
245.3
576.21
536.7
246.33
678.55
246.33
375.83
203.65
369.05
807.47
135.37
479.88
245.3
141.25
428.63
375.83
201.11
294.7
678.55
61.775
313.12
61.775
246.33
203.65
135.37
141.25
576.21
246.33
266.23
322.89
266.23
275.32
285.35
369.05
201.11
452.27
313.12
183.89
183.89
369.05
141.25
375.83
61.775
201.11
304.65
375.83
150.04
245.3
285.35
807.47
169.39
159.61
159.61
322.89
217.58
245.3
135.37
122.39
217.58
266.23
135.37
452.27
150.04
124.05
313.12
124.05
61.775
479.88
203.65
285.35
201.11
135.37
66.909
452.27
150.04
725.11
246.33
369.05
807.47
807.47
159.61
178.79
479.88
536.7
122.39
304.65
725.11
322.89
183.89
141.25
725.11
178.79
217.58
536.7
66.909
141.25
197.99
169.39
66.909
266.23
304.65
217.58
245.3
678.55
369.05
285.35
322.89
197.99
285.35
150.85
203.65
322.89
178.79
169.39
275.32
246.33
245.3
428.63
266.23
122.39
159.61
159.61
141.25
150.04
245.3
452.27
245.3
61.775
576.21
66.909
807.47
197.99
61.775
141.25
61.775
197.99
217.58
168.46
150.04
678.55
66.909
122.39
428.63
313.12
285.35
201.11
201.11
479.88
375.83
135.37
61.775
304.65
725.11
159.61
266.23
452.27
124.05
217.58
304.65
245.3
576.21
678.55
246.33
322.89
313.12
122.39
217.58
197.99
150.85
245.3
428.63
275.32
452.27
150.85
304.65
159.61
124.05
375.83
178.79
141.25
245.3
275.32
266.23
150.04
322.89
375.83
203.65
141.25
66.909
124.05
678.55
124.05
452.27
168.46
428.63
266.23
183.89
122.39
452.27
452.27
536.7
536.7
245.3
183.89
807.47
428.63
266.23
168.46
141.25
678.55
197.99
678.55
150.85
807.47
245.3
807.47
66.909
66.909
479.88
141.25
807.47
61.775
275.32
122.39
807.47
183.89
725.11
479.88
168.46
203.65
66.909
159.61
203.65
369.05
61.775
159.61
197.99
369.05
807.47
313.12
375.83
217.58
294.7
428.63
275.32
807.47
678.55
217.58
369.05
322.89
135.37
201.11
452.27
141.25
576.21
678.55
135.37
369.05
217.58
807.47
375.83
725.11
313.12
294.7
294.7
322.89
294.7
725.11
178.79
725.11
369.05
479.88
246.33
183.89
203.65
479.88
275.32
725.11
135.37
150.04
124.05
725.11
169.39
536.7
217.58
479.88
135.37
61.775
203.65
246.33
61.775
807.47
246.33
428.63
178.79
124.05
452.27
313.12
61.775
479.88
61.775
266.23
203.65
141.25
201.11
536.7
678.55
150.04
536.7
122.39
452.27
452.27
168.46
678.55
266.23
369.05
61.775
304.65
150.04
217.58
266.23
452.27
168.46
369.05
217.58
201.11
266.23
168.46
678.55
217.58
203.65
678.55
201.11
201.11
452.27
807.47
169.39
678.55
536.7
322.89
203.65
169.39
201.11
135.37
159.61
135.37
201.11
150.04
322.89
304.65
122.39
576.21
266.23
375.83
203.65
150.04
304.65
266.23
369.05
122.39
122.39
304.65
304.65
304.65
66.909
313.12
678.55
178.79
201.11
245.3
124.05
725.11
304.65
294.7
275.32
197.99
576.21
322.89
375.83
294.7
275.32
536.7
168.46
61.775
66.909
304.65
375.83
183.89
66.909
122.39
479.88
169.39
266.23
304.65
246.33
122.39
141.25
246.33
576.21
122.39
150.85
375.83
245.3
124.05
322.89
479.88
183.89
576.21
124.05
807.47
313.12
197.99
536.7
168.46
304.65
124.05
217.58
159.61
150.04
178.79
245.3
178.79
61.775
479.88
135.37
428.63
245.3
479.88
197.99
122.39
66.909
197.99
304.65
266.23
122.39
479.88
285.35
678.55
322.89
135.37
183.89
266.23
275.32
61.775
576.21
678.55
294.7
322.89
122.39
217.58
275.32
245.3
313.12
266.23
266.23
141.25
183.89
275.32
678.55
266.23
807.47
725.11
168.46
304.65
576.21
285.35
197.99
576.21
168.46
576.21
141.25
369.05
452.27
375.83
203.65
375.83
150.04
201.11
304.65
452.27
369.05
141.25
285.35
452.27
245.3
452.27
169.39
168.46
375.83
807.47
246.33
266.23
217.58
536.7
322.89
124.05
135.37
294.7
217.58
304.65
322.89
159.61
275.32
197.99
150.85
141.25
322.89
678.55
61.775
124.05
369.05
150.85
678.55
203.65
285.35
375.83
159.61
245.3
536.7
168.46
294.7
807.47
536.7
322.89
375.83
201.11
183.89
217.58
479.88
150.85
576.21
178.79
66.909
678.55
275.32
135.37
245.3
217.58
245.3
275.32
245.3
183.89
169.39
479.88
369.05
479.88
183.89
725.11
183.89
61.775
369.05
61.775
141.25
313.12
322.89
141.25
159.61
245.3
375.83
150.04
369.05
275.32
159.61
203.65
576.21
197.99
536.7
322.89
285.35
479.88
246.33
807.47
452.27
294.7
576.21
246.33
201.11
725.11
678.55
375.83
294.7
150.04
245.3
479.88
150.04
66.909
275.32
275.32
201.11
159.61
201.11
725.11
375.83
313.12
150.04
124.05
141.25
275.32
141.25
169.39
479.88
66.909
217.58
285.35
479.88
452.27
375.83
536.7
66.909
150.04
159.61
322.89
245.3
375.83
246.33
66.909
217.58
576.21
322.89
201.11
141.25
168.46
452.27
61.775
150.85
169.39
66.909
169.39
135.37
452.27
375.83
246.33
322.89
266.23
135.37
294.7
124.05
61.775
428.63
304.65
375.83
178.79
141.25
428.63
576.21
124.05
275.32
201.11
313.12
479.88
122.39
150.04
245.3
536.7
217.58
428.63
169.39
150.04
725.11
375.83
313.12
452.27
61.775
313.12
266.23
197.99
807.47
150.04
725.11
807.47
428.63
150.85
135.37
313.12
61.775
124.05
217.58
428.63
135.37
479.88
141.25
61.775
285.35
452.27
275.32
266.23
536.7
197.99
66.909
313.12
66.909
122.39
536.7
452.27
285.35
217.58
183.89
159.61
124.05
375.83
678.55
576.21
217.58
150.85
178.79
201.11
536.7
266.23
66.909
124.05
183.89
245.3
479.88
266.23
576.21
304.65
678.55
183.89
313.12
169.39
124.05
66.909
678.55
168.46
169.39
183.89
369.05
135.37
61.775
322.89
275.32
294.7
428.63
124.05
536.7
150.04
294.7
536.7
197.99
807.47
452.27
285.35
159.61
159.61
369.05
197.99
304.65
201.11
66.909
178.79
285.35
725.11
313.12
135.37
217.58
124.05
285.35
150.85
203.65
576.21
197.99
150.04
197.99
61.775
369.05
201.11
369.05
266.23
369.05
807.47
266.23
266.23
452.27
304.65
428.63
369.05
428.63
201.11
201.11
375.83
266.23
197.99
428.63
168.46
479.88
150.04
428.63
246.33
217.58
141.25
375.83
322.89
452.27
678.55
285.35
169.39
203.65
150.85
428.63
725.11
124.05
375.83
285.35
124.05
536.7
168.46
266.23
322.89
428.63
536.7
725.11
150.85
294.7
141.25
61.775
150.04
807.47
375.83
725.11
294.7
201.11
124.05
285.35
275.32
246.33
122.39
159.61
246.33
203.65
428.63
168.46
322.89
141.25
197.99
725.11
576.21
285.35
375.83
124.05
807.47
304.65
203.65
285.35
536.7
246.33
217.58
141.25
322.89
576.21
285.35
135.37
168.46
725.11
246.33
725.11
168.46
66.909
322.89
246.33
150.85
150.04
246.33
246.33
141.25
124.05
266.23
150.85
197.99
479.88
266.23
678.55
369.05
294.7
246.33
322.89
246.33
203.65
285.35
369.05
168.46
275.32
375.83
168.46
246.33
428.63
304.65
245.3
678.55
576.21
678.55
61.775
135.37
576.21
294.7
217.58
452.27
246.33
159.61
576.21
313.12
725.11
246.33
275.32
124.05
150.85
266.23
203.65
266.23
124.05
536.7
452.27
201.11
452.27
275.32
201.11
275.32
141.25
66.909
