1150
32.024
35.644
5.0718
5.0718
7.0474
7.6882
12.235
9.0302
23.224
25.125
3.4655
6.9315
15.314
7.0474
4.6884
5.4625
3.4655
15.314
19.092
7.0474
15.314
4.6527
14.979
4.2716
9.9734
17.925
5.0718
3.4655
5.0718
0.98732
5.0718
29.915
9.9734
7.0474
12.711
11.341
4.2716
11.823
20.452
9.0302
35.644
12.235
35.644
7.6882
17.925
10.408
4.0186
4.2716
25.125
4.6527
5.9229
11.341
12.711
9.0302
7.6882
5.9229
7.6882
5.4625
19.092
5.5038
14.979
19.092
1.1903
1.1903
25.125
5.5038
32.024
3.5356
9.0302
15.314
0.98732
5.5038
15.314
29.915
11.823
32.024
4.6884
4.6884
10.408
10.408
5.4625
12.711
0.98732
4.0186
11.341
11.823
19.092
32.024
25.125
32.024
4.6527
14.979
3.5356
10.89
9.0302
29.915
32.024
1.1903
4.6884
4.0186
14.979
15.314
6.9315
7.0474
23.224
6.1516
11.823
8.9815
25.125
12.235
20.452
0.98732
5.4625
4.6884
4.0186
29.915
7.0474
32.024
4.6527
7.0474
1.1903
4.6884
6.7896
5.5038
0.98732
12.711
5.9229
7.6882
7.6882
11.341
12.235
4.6527
3.5356
12.711
35.644
7.6882
4.2716
25.125
11.341
1.1903
11.341
10.89
5.9229
23.224
11.341
10.89
20.452
20.452
7.0474
5.0718
3.4655
9.9734
23.224
5.9229
15.314
11.823
5.5038
25.125
9.0302
3.5356
10.408
12.711
6.1516
3.5356
15.314
8.9815
0.98732
6.9315
7.6882
4.6527
10.408
7.0474
9.9734
15.314
35.644
4.6527
4.0186
29.915
12.235
9.9734
23.224
25.125
9.0302
11.341
5.9229
25.125
6.9315
10.408
0.98732
3.4655
6.9315
10.408
5.0718
19.092
6.9315
29.915
17.925
29.915
35.644
17.925
5.5038
14.979
10.408
0.98732
10.89
9.0302
8.9815
15.314
25.125
7.0474
5.4625
11.341
25.125
4.6884
11.823
9.9734
17.925
5.5038
19.092
4.2716
9.0302
9.9734
12.235
4.6884
3.5356
10.408
15.314
32.024
5.9229
4.6527
0.98732
10.89
7.6882
6.9315
8.9815
23.224
15.314
5.0718
15.314
5.5038
5.9229
5.5038
23.224
4.2716
14.979
5.0718
7.6882
3.5356
35.644
14.979
29.915
4.0186
15.314
35.644
9.9734
23.224
10.408
8.9815
32.024
19.092
17.925
3.4655
4.6527
20.452
3.5356
5.4625
20.452
8.9815
12.235
10.89
19.092
12.711
4.0186
10.89
25.125
32.024
6.1516
4.6527
10.408
12.235
11.823
4.6527
14.979
11.341
19.092
17.925
5.5038
12.235
25.125
14.979
14.979
5.0718
29.915
14.979
7.0474
5.4625
14.979
20.452
5.0718
19.092
5.4625
5.4625
4.6884
20.452
11.823
9.9734
9.9734
3.4655
3.5356
10.408
6.7896
19.092
35.644
25.125
19.092
12.711
29.915
5.0718
9.0302
19.092
6.1516
8.9815
5.0718
35.644
3.5356
5.0718
20.452
4.6527
6.7896
5.9229
4.0186
6.7896
5.5038
10.89
0.98732
23.224
11.823
20.452
5.9229
4.6884
35.644
35.644
4.0186
15.314
4.0186
10.408
9.0302
10.89
5.9229
19.092
11.823
5.5038
12.235
9.0302
19.092
10.89
12.235
7.0474
3.5356
4.6527
7.0474
14.979
32.024
3.5356
20.452
23.224
1.1903
20.452
10.89
10.408
4.6527
3.4655
4.6527
0.98732
20.452
9.0302
6.9315
6.7896
20.452
32.024
25.125
5.5038
19.092
10.89
11.823
35.644
12.235
1.1903
7.0474
4.2716
10.408
0.98732
14.979
5.0718
15.314
4.6884
15.314
7.6882
7.6882
4.6884
10.408
10.89
32.024
5.0718
32.024
4.6527
35.644
20.452
4.6527
6.9315
19.092
11.341
32.024
20.452
6.9315
12.711
29.915
4.6527
6.9315
25.125
0.98732
14.979
8.9815
5.4625
11.341
11.341
15.314
11.823
23.224
12.711
4.6527
7.0474
9.9734
10.408
1.1903
4.6884
14.979
4.0186
25.125
4.0186
20.452
7.0474
4.2716
23.224
7.0474
4.6527
12.711
6.1516
14.979
23.224
4.0186
5.4625
12.235
1.1903
7.0474
5.4625
0.98732
4.6884
5.0718
10.89
35.644
6.9315
4.6884
25.125
20.452
19.092
7.0474
25.125
35.644
17.925
5.9229
4.6884
12.711
5.9229
12.711
35.644
20.452
9.0302
5.9229
3.5356
7.0474
10.408
3.4655
10.408
11.341
15.314
6.7896
3.5356
23.224
9.9734
25.125
17.925
3.5356
17.925
1.1903
0.98732
8.9815
1.1903
6.9315
8.9815
20.452
4.2716
29.915
1.1903
0.98732
25.125
5.5038
11.341
4.2716
25.125
20.452
29.915
32.024
14.979
12.235
10.89
9.9734
17.925
12.711
9.9734
3.5356
10.408
0.98732
25.125
15.314
9.9734
35.644
10.408
12.235
7.0474
17.925
7.6882
7.6882
4.2716
7.6882
11.823
5.0718
4.6527
6.7896
11.341
5.5038
1.1903
5.4625
15.314
7.6882
15.314
5.9229
5.0718
5.9229
4.2716
5.9229
17.925
5.0718
11.341
29.915
3.5356
5.5038
7.0474
32.024
5.0718
3.5356
5.9229
4.0186
11.341
11.341
11.341
1.1903
4.6527
8.9815
1.1903
6.9315
6.1516
5.5038
5.9229
29.915
4.6527
19.092
6.1516
10.408
11.341
25.125
9.9734
25.125
29.915
4.2716
29.915
12.235
19.092
15.314
20.452
8.9815
14.979
6.9315
5.4625
17.925
25.125
11.823
6.1516
11.823
6.7896
4.6527
6.9315
11.341
35.644
23.224
10.89
10.408
15.314
11.341
3.5356
11.823
7.6882
20.452
35.644
17.925
5.5038
7.0474
9.9734
35.644
23.224
6.7896
19.092
4.2716
15.314
6.9315
7.0474
7.6882
35.644
5.5038
4.0186
12.235
12.711
3.4655
4.6884
10.89
29.915
25.125
25.125
23.224
19.092
5.4625
8.9815
25.125
11.823
5.5038
1.1903
9.9734
7.0474
4.6884
5.9229
7.6882
6.1516
3.5356
6.7896
17.925
4.0186
5.0718
15.314
5.9229
8.9815
5.4625
3.5356
5.9229
14.979
3.5356
23.224
4.0186
6.9315
6.9315
6.1516
5.5038
11.341
10.408
29.915
3.4655
0.98732
5.9229
9.0302
10.408
4.6884
19.092
5.9229
11.341
12.711
15.314
4.6884
15.314
10.89
5.5038
3.5356
23.224
4.2716
4.2716
9.0302
12.235
1.1903
5.5038
20.452
9.0302
19.092
4.0186
10.89
9.0302
11.823
7.0474
35.644
5.9229
3.4655
0.98732
25.125
1.1903
32.024
4.6527
4.2716
4.2716
6.7896
9.9734
6.7896
1.1903
7.6882
11.341
5.4625
5.0718
5.5038
4.2716
10.89
8.9815
32.024
12.235
5.0718
0.98732
23.224
11.341
25.125
19.092
6.1516
19.092
7.0474
5.0718
7.6882
14.979
25.125
5.5038
19.092
5.5038
10.89
8.9815
9.9734
32.024
10.408
14.979
11.823
8.9815
7.0474
4.6884
8.9815
29.915
6.7896
35.644
6.7896
4.2716
17.925
5.4625
4.0186
6.9315
4.2716
4.6527
23.224
10.408
3.4655
14.979
9.9734
32.024
6.7896
12.711
8.9815
4.2716
4.0186
4.2716
12.235
3.5356
32.024
1.1903
9.0302
8.9815
4.6527
14.979
12.235
6.1516
23.224
10.408
9.9734
9.0302
4.2716
35.644
32.024
4.6884
25.125
4.0186
20.452
7.6882
3.5356
4.2716
35.644
1.1903
11.341
6.1516
7.6882
5.5038
7.0474
12.235
8.9815
10.89
5.9229
7.0474
6.9315
11.823
3.4655
0.98732
4.6527
5.9229
9.0302
4.6884
9.0302
12.235
4.2716
17.925
15.314
1.1903
19.092
3.4655
7.0474
9.0302
29.915
29.915
5.4625
19.092
5.5038
9.0302
10.408
5.0718
7.6882
5.4625
5.5038
17.925
4.2716
5.4625
4.6884
8.9815
4.6527
6.1516
35.644
29.915
10.89
4.0186
10.408
10.89
23.224
10.408
29.915
4.6527
35.644
20.452
6.9315
11.823
12.711
9.0302
6.1516
11.341
25.125
12.235
9.0302
10.408
6.9315
5.5038
12.711
14.979
25.125
15.314
35.644
25.125
5.5038
5.4625
0.98732
32.024
11.823
3.4655
23.224
8.9815
0.98732
6.9315
5.0718
12.235
1.1903
23.224
4.6527
4.0186
5.9229
4.2716
7.0474
12.235
6.7896
12.711
9.9734
23.224
17.925
6.9315
10.408
8.9815
4.2716
25.125
0.98732
10.89
19.092
23.224
8.9815
4.6527
11.341
12.235
29.915
20.452
11.341
10.89
14.979
19.092
4.6884
35.644
20.452
4.2716
23.224
19.092
3.4655
3.4655
4.6884
3.4655
6.9315
5.5038
3.5356
10.408
8.9815
6.7896
4.6884
5.9229
9.9734
1.1903
19.092
11.341
6.9315
4.2716
7.6882
7.6882
5.0718
12.711
6.1516
5.0718
32.024
12.711
11.341
4.0186
5.9229
10.408
12.235
12.235
4.6884
9.0302
17.925
3.5356
3.4655
9.9734
17.925
20.452
15.314
10.89
12.235
4.6884
4.0186
19.092
32.024
11.823
5.5038
3.5356
0.98732
0.98732
4.0186
7.0474
14.979
9.9734
23.224
4.0186
6.1516
12.235
5.0718
5.0718
4.6884
35.644
20.452
17.925
19.092
19.092
4.0186
12.235
1.1903
32.024
3.5356
5.9229
1.1903
10.89
5.9229
17.925
11.823
9.9734
32.024
25.125
6.9315
9.9734
35.644
5.4625
12.235
0.98732
35.644
12.235
14.979
4.0186
5.0718
3.4655
11.341
32.024
6.9315
17.925
35.644
17.925
9.9734
7.0474
7.0474
9.0302
5.9229
8.9815
1.1903
8.9815
8.9815
20.452
15.314
23.224
8.9815
7.0474
11.823
15.314
7.0474
9.0302
20.452
4.2716
3.5356
3.4655
9.9734
3.4655
15.314
9.9734
3.5356
9.0302
12.711
12.235
32.024
4.6884
25.125
1.1903
10.408
12.235
10.89
10.408
10.408
7.0474
0.98732
1.1903
20.452
29.915
29.915
5.9229
12.235
23.224
17.925
25.125
4.0186
0.98732
3.4655
11.341
12.235
6.7896
32.024
6.1516
3.4655
12.235
6.1516
12.235
4.0186
6.1516
3.4655
20.452
12.711
32.024
3.4655
19.092
10.408
5.9229
1.1903
6.9315
0.98732
3.5356
4.6884
5.0718
20.452
5.5038
19.092
23.224
9.9734
9.0302
11.823
35.644
5.9229
29.915
15.314
8.9815
8.9815
20.452
3.5356
3.4655
12.235
35.644
9.0302
5.5038
32.024
6.1516
5.4625
7.0474
5.9229
5.0718
0.98732
19.092
20.452
0.98732
29.915
4.2716
0.98732
4.6527
4.2716
17.925
7.0474
1.1903
20.452
1.1903
5.9229
