1150
32.65
28.05
253.43
196.33
101
17.441
64.272
19.92
10.602
32.65
65.634
16.159
14.769
47.008
101
19.92
30.222
20.614
121.98
16.159
196.33
90.728
44.728
177.9
7.6155
7.6155
64.272
54.142
65.634
43.426
15.214
9.6962
44.728
19.878
253.43
135.58
43.426
253.43
64.272
20.614
253.43
8.284
43.426
101
54.142
20.614
11.807
2.0754
10.602
54.142
19.92
10.602
11.993
30.222
44.728
65.634
11.807
1.6718
47.008
1.6718
24.013
101
8.284
47.008
14.769
10.602
17.441
1.6718
45.552
2.0754
17.441
90.728
9.6962
28.05
121.98
65.634
13.343
253.43
177.9
19.92
101
20.614
11.807
1.6718
14.769
101
253.43
30.222
64.272
177.9
196.33
2.0754
44.728
253.43
43.426
36.819
90.728
19.92
121.98
47.008
13.343
45.552
47.008
121.98
13.343
43.426
47.008
135.58
36.819
101
14.769
54.142
7.6155
30.222
196.33
10.602
10.602
64.272
8.284
43.426
90.728
32.65
13.343
30.222
65.634
47.008
14.769
196.33
8.284
135.58
7.6155
10.602
20.614
177.9
20.614
24.013
196.33
101
101
54.142
1.6718
253.43
11.807
28.05
19.878
19.92
121.98
30.222
28.05
16.159
19.878
47.008
30.222
11.993
17.441
17.441
28.05
15.214
17.441
20.614
17.441
14.769
90.728
11.807
44.728
45.552
20.614
30.222
7.6155
19.878
36.819
45.552
43.426
101
13.343
8.284
1.6718
196.33
15.214
16.159
44.728
24.013
16.159
47.008
19.878
11.807
9.6962
19.878
17.441
36.819
20.614
20.614
9.6962
11.807
10.602
45.552
30.222
1.6718
65.634
7.6155
82.667
32.65
24.013
177.9
13.343
19.878
32.65
82.667
19.878
28.05
15.214
45.552
8.284
13.343
45.552
32.65
30.222
19.92
253.43
1.6718
1.6718
2.0754
8.284
8.284
177.9
11.993
16.159
54.142
20.614
121.98
11.807
11.807
13.343
253.43
7.6155
177.9
90.728
135.58
82.667
43.426
32.65
64.272
28.05
64.272
64.272
45.552
1.6718
24.013
11.993
43.426
24.013
47.008
36.819
90.728
30.222
1.6718
32.65
11.807
16.159
101
24.013
65.634
28.05
45.552
101
54.142
11.993
11.993
82.667
8.284
177.9
64.272
8.284
135.58
11.807
11.993
121.98
135.58
24.013
15.214
14.769
32.65
54.142
54.142
253.43
47.008
65.634
16.159
196.33
11.993
135.58
253.43
253.43
45.552
2.0754
43.426
10.602
44.728
11.807
2.0754
65.634
16.159
2.0754
44.728
20.614
9.6962
43.426
196.33
10.602
82.667
24.013
43.426
1.6718
177.9
13.343
196.33
82.667
177.9
121.98
82.667
135.58
15.214
135.58
13.343
30.222
47.008
36.819
121.98
10.602
11.807
135.58
14.769
45.552
28.05
45.552
101
45.552
45.552
135.58
13.343
19.878
101
65.634
101
11.993
121.98
11.993
15.214
121.98
11.993
2.0754
10.602
15.214
65.634
8.284
121.98
90.728
19.92
13.343
17.441
196.33
20.614
1.6718
101
19.92
196.33
8.284
14.769
45.552
43.426
135.58
11.993
54.142
65.634
90.728
10.602
2.0754
177.9
13.343
177.9
20.614
19.878
64.272
28.05
2.0754
196.33
135.58
44.728
16.159
43.426
16.159
20.614
14.769
177.9
9.6962
253.43
54.142
11.807
177.9
28.05
19.92
43.426
20.614
19.92
253.43
90.728
9.6962
24.013
20.614
20.614
24.013
19.92
24.013
19.92
135.58
101
11.993
7.6155
13.343
9.6962
11.993
8.284
16.159
10.602
196.33
32.65
9.6962
15.214
16.159
16.159
10.602
17.441
16.159
47.008
20.614
101
253.43
11.993
11.993
7.6155
17.441
7.6155
135.58
64.272
30.222
30.222
43.426
13.343
32.65
45.552
177.9
121.98
15.214
54.142
101
54.142
47.008
253.43
177.9
16.159
1.6718
30.222
65.634
101
15.214
82.667
64.272
64.272
30.222
15.214
54.142
45.552
15.214
9.6962
17.441
11.993
2.0754
253.43
64.272
19.878
20.614
196.33
101
24.013
28.05
20.614
14.769
253.43
121.98
11.993
19.878
16.159
44.728
54.142
36.819
253.43
64.272
19.878
15.214
30.222
196.33
65.634
196.33
54.142
1.6718
8.284
36.819
64.272
10.602
13.343
15.214
47.008
135.58
253.43
45.552
10.602
44.728
45.552
32.65
32.65
44.728
19.92
196.33
10.602
36.819
7.6155
17.441
32.65
253.43
30.222
16.159
14.769
16.159
101
14.769
28.05
82.667
196.33
43.426
1.6718
30.222
1.6718
82.667
11.993
64.272
28.05
19.92
54.142
90.728
45.552
13.343
45.552
10.602
1.6718
82.667
7.6155
9.6962
121.98
13.343
64.272
196.33
44.728
28.05
24.013
8.284
32.65
19.878
7.6155
24.013
17.441
1.6718
82.667
45.552
45.552
17.441
44.728
10.602
101
28.05
13.343
135.58
253.43
253.43
19.878
43.426
11.807
1.6718
65.634
135.58
82.667
1.6718
90.728
7.6155
15.214
7.6155
82.667
45.552
45.552
19.878
11.993
135.58
30.222
17.441
10.602
135.58
19.92
8.284
82.667
82.667
2.0754
17.441
11.993
16.159
15.214
24.013
11.807
44.728
44.728
82.667
36.819
15.214
65.634
36.819
16.159
45.552
54.142
15.214
47.008
17.441
121.98
45.552
43.426
121.98
19.878
43.426
11.993
15.214
7.6155
11.807
45.552
54.142
19.878
43.426
54.142
19.92
14.769
19.878
253.43
32.65
65.634
1.6718
13.343
11.807
11.993
19.92
253.43
177.9
47.008
196.33
135.58
7.6155
7.6155
90.728
47.008
30.222
19.878
19.878
10.602
17.441
32.65
13.343
15.214
11.993
177.9
7.6155
16.159
19.878
10.602
196.33
253.43
10.602
196.33
32.65
16.159
19.878
16.159
9.6962
13.343
15.214
36.819
24.013
15.214
19.92
19.92
10.602
90.728
17.441
43.426
36.819
101
9.6962
253.43
2.0754
54.142
19.92
121.98
82.667
2.0754
45.552
82.667
47.008
10.602
44.728
1.6718
2.0754
19.878
10.602
196.33
90.728
121.98
32.65
10.602
90.728
20.614
90.728
24.013
15.214
101
28.05
30.222
1.6718
196.33
90.728
253.43
30.222
7.6155
17.441
20.614
11.993
44.728
19.92
11.993
177.9
44.728
14.769
32.65
8.284
1.6718
17.441
253.43
101
65.634
54.142
30.222
90.728
24.013
9.6962
65.634
101
14.769
2.0754
82.667
9.6962
54.142
11.807
8.284
65.634
30.222
65.634
19.92
45.552
43.426
36.819
90.728
20.614
177.9
1.6718
101
253.43
19.92
28.05
13.343
44.728
65.634
54.142
90.728
45.552
11.807
10.602
1.6718
15.214
82.667
90.728
11.807
19.878
135.58
14.769
20.614
20.614
43.426
14.769
28.05
19.92
15.214
44.728
13.343
65.634
19.878
121.98
90.728
54.142
43.426
19.92
43.426
9.6962
11.993
30.222
30.222
64.272
20.614
82.667
14.769
14.769
15.214
101
11.807
82.667
196.33
11.993
24.013
2.0754
24.013
45.552
43.426
17.441
135.58
32.65
196.33
13.343
16.159
43.426
90.728
9.6962
7.6155
28.05
90.728
101
19.92
82.667
11.993
9.6962
43.426
30.222
13.343
135.58
19.878
11.993
101
24.013
11.807
32.65
28.05
65.634
44.728
8.284
44.728
13.343
30.222
43.426
14.769
11.993
20.614
7.6155
1.6718
17.441
19.878
20.614
24.013
135.58
16.159
135.58
32.65
15.214
28.05
24.013
196.33
10.602
135.58
82.667
253.43
65.634
65.634
7.6155
11.993
8.284
101
64.272
196.33
121.98
19.92
54.142
30.222
196.33
101
7.6155
196.33
19.878
7.6155
196.33
101
82.667
2.0754
54.142
16.159
196.33
82.667
20.614
196.33
17.441
2.0754
47.008
65.634
121.98
65.634
16.159
32.65
14.769
65.634
13.343
135.58
20.614
24.013
101
90.728
11.807
36.819
196.33
54.142
24.013
24.013
13.343
101
90.728
1.6718
14.769
135.58
28.05
15.214
135.58
64.272
65.634
30.222
36.819
54.142
20.614
196.33
45.552
28.05
64.272
135.58
43.426
14.769
10.602
13.343
19.92
47.008
7.6155
101
121.98
28.05
17.441
2.0754
15.214
32.65
135.58
90.728
253.43
43.426
36.819
30.222
19.92
253.43
177.9
17.441
9.6962
7.6155
16.159
17.441
135.58
65.634
121.98
15.214
121.98
10.602
9.6962
65.634
177.9
44.728
64.272
2.0754
30.222
10.602
24.013
64.272
15.214
101
177.9
7.6155
65.634
36.819
101
8.284
47.008
36.819
16.159
44.728
90.728
10.602
32.65
16.159
10.602
47.008
20.614
44.728
19.878
101
177.9
121.98
101
10.602
19.878
32.65
17.441
1.6718
24.013
121.98
7.6155
9.6962
47.008
121.98
101
17.441
82.667
90.728
13.343
24.013
82.667
19.878
135.58
9.6962
7.6155
65.634
15.214
196.33
1.6718
196.33
45.552
44.728
121.98
19.92
36.819
36.819
65.634
32.65
45.552
65.634
19.878
8.284
17.441
90.728
253.43
16.159
7.6155
19.878
30.222
82.667
2.0754
135.58
177.9
20.614
43.426
19.878
19.878
10.602
135.58
47.008
9.6962
19.92
44.728
64.272
7.6155
11.807
82.667
2.0754
101
121.98
10.602
43.426
253.43
64.272
32.65
135.58
47.008
135.58
17.441
44.728
64.272
14.769
11.993
24.013
45.552
7.6155
90.728
32.65
10.602
135.58
24.013
36.819
135.58
177.9
13.343
28.05
45.552
10.602
14.769
32.65
24.013
32.65
54.142
11.993
15.214
54.142
7.6155
7.6155
54.142
45.552
253.43
17.441
16.159
19.92
19.878
19.878
19.92
82.667
43.426
82.667
20.614
30.222
15.214
47.008
