1150
803.97
351.15
680.9
203.83
120.07
138.29
501.59
150.81
100.67
277.18
853.77
333.71
172.43
344.13
250.72
351.15
139.84
203.83
107.08
277.18
100.67
344.13
250.72
181.78
428.4
250.72
199.13
250.72
198.84
384.31
299.86
853.77
161.96
203.83
172.43
120.07
226
107.08
181.78
853.77
199.13
107.08
351.15
139.84
428.4
351.15
165.35
107.08
165.35
203.83
139.84
997.42
181.78
853.77
198.84
203.83
344.13
680.9
680.9
172.43
203.83
803.97
680.9
37.797
853.77
203.83
277.18
150.81
203.83
138.29
120.07
263.43
299.86
161.96
32.179
344.13
434.1
198.84
853.77
428.4
120.07
161.96
181.78
250.72
340.11
803.97
428.4
199.13
203.83
150.81
803.97
997.42
531.47
277.18
198.84
428.4
501.59
107.08
997.42
138.29
138.29
680.9
107.08
434.1
384.31
32.179
344.13
277.18
428.4
344.13
37.797
203.83
161.96
997.42
199.13
107.08
340.11
853.77
428.4
138.29
638.1
997.42
250.72
100.67
340.11
531.47
351.15
384.31
263.43
531.47
161.96
37.797
638.1
277.18
226
172.43
128.05
128.05
32.179
340.11
299.86
428.4
277.18
181.78
181.78
340.11
32.179
100.67
428.4
250.72
199.13
150.81
434.1
384.31
226
333.71
120.07
853.77
226
531.47
384.31
299.86
250.72
277.18
226
199.13
138.29
199.13
997.42
139.84
181.78
568
263.43
226
384.31
803.97
638.1
226
531.47
333.71
172.43
853.77
344.13
531.47
198.84
120.07
803.97
150.81
434.1
428.4
139.84
199.13
638.1
299.86
344.13
172.43
299.86
138.29
199.13
250.72
434.1
351.15
263.43
161.96
32.179
250.72
139.84
434.1
299.86
37.797
263.43
161.96
37.797
203.83
344.13
638.1
226
107.08
226
428.4
165.35
32.179
428.4
226
351.15
803.97
139.84
853.77
680.9
226
226
263.43
638.1
853.77
161.96
333.71
853.77
299.86
340.11
853.77
340.11
333.71
250.72
139.84
250.72
997.42
32.179
568
853.77
226
32.179
120.07
568
107.08
428.4
226
680.9
351.15
107.08
997.42
277.18
181.78
107.08
198.84
531.47
150.81
333.71
501.59
568
333.71
198.84
120.07
344.13
120.07
199.13
172.43
434.1
531.47
531.47
138.29
263.43
299.86
344.13
434.1
344.13
128.05
299.86
198.84
333.71
531.47
181.78
172.43
199.13
344.13
226
997.42
340.11
333.71
434.1
434.1
384.31
181.78
161.96
198.84
434.1
138.29
351.15
997.42
128.05
384.31
139.84
568
139.84
32.179
100.67
568
263.43
277.18
181.78
501.59
107.08
226
803.97
203.83
100.67
531.47
226
161.96
32.179
803.97
333.71
139.84
226
120.07
100.67
165.35
434.1
120.07
997.42
997.42
250.72
384.31
100.67
138.29
344.13
139.84
340.11
803.97
32.179
172.43
501.59
344.13
638.1
853.77
37.797
997.42
568
384.31
277.18
181.78
138.29
638.1
138.29
384.31
181.78
531.47
501.59
199.13
428.4
100.67
139.84
531.47
181.78
568
165.35
198.84
150.81
351.15
139.84
531.47
501.59
198.84
568
226
638.1
161.96
32.179
165.35
299.86
384.31
128.05
428.4
997.42
333.71
277.18
263.43
165.35
138.29
384.31
181.78
181.78
277.18
226
138.29
428.4
340.11
277.18
340.11
226
138.29
128.05
100.67
172.43
138.29
107.08
638.1
531.47
501.59
997.42
333.71
128.05
299.86
434.1
997.42
165.35
803.97
997.42
165.35
263.43
138.29
299.86
203.83
803.97
351.15
32.179
299.86
37.797
531.47
384.31
434.1
638.1
997.42
853.77
277.18
351.15
340.11
263.43
263.43
263.43
250.72
384.31
128.05
198.84
226
161.96
181.78
803.97
181.78
161.96
107.08
181.78
531.47
803.97
299.86
434.1
997.42
568
340.11
853.77
428.4
250.72
803.97
128.05
181.78
333.71
120.07
161.96
37.797
32.179
120.07
853.77
680.9
803.97
199.13
340.11
351.15
384.31
531.47
263.43
199.13
803.97
501.59
139.84
165.35
172.43
32.179
531.47
263.43
161.96
172.43
32.179
384.31
434.1
165.35
181.78
250.72
165.35
997.42
226
997.42
277.18
853.77
853.77
172.43
150.81
501.59
638.1
299.86
277.18
128.05
501.59
250.72
501.59
340.11
161.96
181.78
263.43
250.72
37.797
531.47
351.15
150.81
997.42
181.78
344.13
344.13
203.83
150.81
568
333.71
203.83
299.86
181.78
428.4
138.29
250.72
531.47
107.08
203.83
165.35
680.9
803.97
340.11
997.42
250.72
139.84
199.13
100.67
277.18
501.59
263.43
120.07
250.72
161.96
680.9
107.08
299.86
344.13
226
351.15
299.86
37.797
344.13
198.84
997.42
150.81
198.84
32.179
638.1
568
165.35
340.11
181.78
428.4
277.18
165.35
434.1
997.42
333.71
340.11
299.86
638.1
803.97
638.1
333.71
165.35
344.13
299.86
139.84
198.84
638.1
803.97
100.67
568
299.86
138.29
165.35
434.1
138.29
165.35
277.18
803.97
226
203.83
344.13
250.72
161.96
434.1
853.77
803.97
501.59
32.179
100.67
638.1
568
120.07
138.29
501.59
139.84
853.77
150.81
37.797
181.78
128.05
199.13
150.81
997.42
997.42
138.29
434.1
803.97
172.43
277.18
997.42
434.1
638.1
198.84
568
250.72
340.11
277.18
344.13
997.42
37.797
226
128.05
120.07
428.4
37.797
680.9
165.35
165.35
203.83
172.43
568
680.9
128.05
263.43
384.31
997.42
384.31
803.97
107.08
428.4
997.42
37.797
128.05
107.08
680.9
100.67
680.9
434.1
277.18
199.13
138.29
120.07
277.18
384.31
638.1
37.797
203.83
680.9
32.179
203.83
263.43
428.4
340.11
434.1
263.43
226
333.71
250.72
37.797
680.9
100.67
37.797
853.77
384.31
680.9
199.13
150.81
277.18
434.1
333.71
250.72
120.07
128.05
181.78
638.1
531.47
568
501.59
37.797
250.72
250.72
344.13
161.96
638.1
638.1
344.13
181.78
250.72
680.9
384.31
165.35
139.84
340.11
384.31
107.08
340.11
263.43
107.08
139.84
138.29
32.179
299.86
199.13
997.42
32.179
531.47
150.81
32.179
263.43
150.81
250.72
434.1
138.29
198.84
107.08
501.59
120.07
181.78
638.1
226
351.15
172.43
680.9
32.179
299.86
203.83
263.43
100.67
250.72
428.4
100.67
32.179
120.07
333.71
853.77
139.84
299.86
250.72
263.43
203.83
384.31
531.47
150.81
172.43
128.05
199.13
384.31
139.84
277.18
100.67
181.78
100.67
32.179
997.42
161.96
384.31
333.71
344.13
250.72
263.43
139.84
351.15
32.179
568
165.35
250.72
165.35
199.13
853.77
803.97
198.84
161.96
100.67
120.07
531.47
250.72
803.97
344.13
150.81
128.05
344.13
384.31
344.13
333.71
107.08
150.81
434.1
803.97
853.77
853.77
351.15
803.97
351.15
853.77
997.42
138.29
128.05
120.07
531.47
344.13
384.31
128.05
277.18
351.15
226
263.43
351.15
299.86
138.29
263.43
161.96
181.78
32.179
384.31
199.13
501.59
165.35
351.15
138.29
340.11
226
501.59
161.96
299.86
351.15
37.797
32.179
428.4
150.81
165.35
107.08
531.47
128.05
333.71
277.18
203.83
384.31
199.13
680.9
161.96
428.4
181.78
203.83
680.9
434.1
100.67
384.31
299.86
250.72
384.31
120.07
203.83
203.83
997.42
680.9
638.1
203.83
351.15
434.1
434.1
37.797
299.86
531.47
181.78
501.59
277.18
299.86
277.18
384.31
161.96
120.07
181.78
128.05
181.78
32.179
501.59
680.9
263.43
128.05
226
351.15
803.97
997.42
384.31
226
138.29
172.43
531.47
172.43
299.86
299.86
568
150.81
165.35
181.78
128.05
138.29
120.07
226
333.71
803.97
165.35
203.83
340.11
277.18
803.97
501.59
263.43
531.47
568
32.179
172.43
203.83
351.15
172.43
803.97
199.13
299.86
198.84
333.71
32.179
501.59
120.07
344.13
853.77
384.31
803.97
172.43
568
139.84
299.86
853.77
199.13
428.4
181.78
344.13
226
351.15
161.96
32.179
161.96
139.84
161.96
120.07
531.47
501.59
803.97
277.18
172.43
226
32.179
100.67
501.59
333.71
100.67
226
434.1
37.797
428.4
198.84
997.42
531.47
172.43
351.15
128.05
277.18
568
203.83
638.1
531.47
150.81
531.47
100.67
428.4
263.43
384.31
172.43
198.84
299.86
181.78
203.83
531.47
277.18
100.67
428.4
263.43
139.84
428.4
428.4
428.4
199.13
165.35
172.43
226
351.15
568
226
263.43
803.97
531.47
853.77
333.71
428.4
107.08
199.13
100.67
853.77
128.05
277.18
997.42
299.86
165.35
299.86
299.86
107.08
428.4
263.43
32.179
37.797
803.97
138.29
139.84
344.13
198.84
250.72
680.9
263.43
531.47
501.59
299.86
37.797
531.47
181.78
226
501.59
139.84
150.81
128.05
37.797
638.1
138.29
172.43
501.59
199.13
138.29
161.96
384.31
161.96
997.42
501.59
150.81
203.83
997.42
107.08
250.72
165.35
107.08
277.18
428.4
165.35
428.4
32.179
351.15
263.43
120.07
120.07
37.797
803.97
165.35
138.29
333.71
100.67
803.97
181.78
344.13
172.43
299.86
100.67
161.96
997.42
531.47
226
531.47
150.81
172.43
198.84
250.72
203.83
199.13
803.97
803.97
428.4
263.43
150.81
531.47
100.67
250.72
128.05
198.84
199.13
531.47
100.67
299.86
638.1
638.1
181.78
