1150
176.34
62.751
127.82
445.24
351.08
445.24
316.11
469.8
67.76
203.86
164.37
245.27
560.23
176.34
311.04
62.751
145.46
500.24
155.28
469.8
189.77
324.83
67.76
386.17
245.27
712.86
176.34
203.63
138.77
762.27
207.66
127.82
351.08
255.39
182.14
390.72
500.24
173.56
266.31
207.66
145.46
311.04
712.86
127.82
598.04
266.31
207.66
145.46
164.37
225.5
266.31
189.77
390.72
560.23
386.17
203.86
311.04
319.28
138.77
245.27
182.14
284.28
712.86
207.66
67.76
712.86
712.86
189.77
173.56
445.24
255.39
284.28
324.83
127.82
560.23
712.86
127.82
500.24
598.04
62.751
255.39
319.28
203.63
319.28
390.72
284.28
316.11
176.34
500.24
207.66
316.11
500.24
173.56
203.86
266.31
207.66
127.82
386.17
67.76
207.66
67.76
915.84
255.39
598.04
203.63
560.23
173.56
598.04
598.04
203.86
316.11
284.28
598.04
155.28
62.751
560.23
164.37
164.37
319.28
176.34
469.8
560.23
762.27
203.86
445.24
145.46
316.11
351.08
127.82
266.31
560.23
173.56
164.37
500.24
245.27
145.46
164.37
319.28
284.28
176.34
316.11
351.08
176.34
203.86
203.63
445.24
138.77
598.04
176.34
245.27
445.24
324.83
145.46
351.08
138.77
762.27
560.23
255.39
324.83
915.84
138.77
390.72
469.8
445.24
154
207.66
62.751
182.14
138.77
225.5
284.28
445.24
207.66
266.31
712.86
598.04
266.31
598.04
67.76
469.8
189.77
164.37
469.8
189.77
145.46
67.76
762.27
324.83
500.24
712.86
324.83
712.86
173.56
560.23
712.86
176.34
122.38
390.72
127.82
386.17
225.5
319.28
154
266.31
316.11
62.751
225.5
560.23
138.77
207.66
319.28
176.34
762.27
324.83
155.28
266.31
560.23
284.28
390.72
598.04
500.24
138.77
154
145.46
67.76
62.751
311.04
311.04
712.86
386.17
176.34
245.27
173.56
386.17
138.77
386.17
469.8
386.17
189.77
311.04
225.5
127.82
469.8
324.83
173.56
762.27
154
176.34
203.86
164.37
155.28
351.08
154
255.39
176.34
225.5
712.86
155.28
62.751
598.04
324.83
255.39
255.39
127.82
915.84
189.77
316.11
203.86
62.751
266.31
255.39
164.37
67.76
500.24
67.76
182.14
445.24
915.84
311.04
445.24
386.17
319.28
319.28
712.86
266.31
203.86
324.83
207.66
138.77
207.66
266.31
203.86
203.86
390.72
255.39
245.27
127.82
173.56
225.5
316.11
351.08
915.84
712.86
127.82
762.27
145.46
762.27
311.04
164.37
122.38
176.34
469.8
122.38
189.77
138.77
145.46
122.38
351.08
127.82
316.11
154
319.28
245.27
176.34
469.8
469.8
712.86
62.751
319.28
62.751
127.82
127.82
203.63
164.37
189.77
164.37
203.63
207.66
319.28
445.24
173.56
500.24
386.17
469.8
154
122.38
311.04
351.08
138.77
127.82
311.04
469.8
469.8
127.82
386.17
598.04
225.5
122.38
164.37
386.17
67.76
207.66
266.31
762.27
155.28
138.77
319.28
127.82
915.84
164.37
311.04
469.8
469.8
245.27
390.72
598.04
598.04
155.28
266.31
445.24
154
386.17
245.27
284.28
173.56
127.82
176.34
712.86
225.5
173.56
390.72
390.72
62.751
560.23
445.24
182.14
324.83
176.34
712.86
176.34
154
386.17
245.27
319.28
762.27
182.14
122.38
445.24
203.63
311.04
154
122.38
145.46
469.8
176.34
203.63
319.28
469.8
390.72
203.63
154
319.28
62.751
176.34
316.11
311.04
182.14
915.84
138.77
386.17
145.46
207.66
469.8
189.77
122.38
284.28
173.56
138.77
351.08
245.27
154
127.82
155.28
138.77
182.14
762.27
266.31
164.37
207.66
324.83
266.31
311.04
560.23
203.63
386.17
145.46
122.38
189.77
469.8
203.63
915.84
311.04
189.77
712.86
598.04
500.24
173.56
176.34
445.24
351.08
245.27
762.27
245.27
915.84
245.27
255.39
390.72
203.63
225.5
138.77
390.72
284.28
319.28
445.24
155.28
500.24
598.04
176.34
386.17
189.77
173.56
154
319.28
266.31
469.8
173.56
154
207.66
245.27
445.24
138.77
67.76
316.11
67.76
138.77
351.08
255.39
266.31
469.8
445.24
255.39
173.56
138.77
560.23
762.27
712.86
316.11
127.82
122.38
154
67.76
386.17
145.46
316.11
445.24
284.28
203.63
469.8
176.34
182.14
445.24
255.39
173.56
386.17
145.46
712.86
164.37
127.82
122.38
390.72
469.8
386.17
390.72
762.27
225.5
445.24
207.66
712.86
62.751
915.84
284.28
189.77
284.28
176.34
145.46
319.28
324.83
445.24
189.77
173.56
189.77
182.14
712.86
390.72
176.34
311.04
390.72
500.24
598.04
311.04
122.38
155.28
560.23
203.86
319.28
445.24
164.37
266.31
164.37
62.751
390.72
62.751
203.86
173.56
155.28
319.28
598.04
62.751
386.17
445.24
598.04
915.84
138.77
255.39
469.8
316.11
762.27
762.27
762.27
122.38
207.66
182.14
138.77
138.77
469.8
255.39
712.86
915.84
203.86
203.63
164.37
225.5
173.56
225.5
207.66
173.56
138.77
207.66
255.39
182.14
324.83
207.66
207.66
445.24
469.8
390.72
445.24
255.39
266.31
316.11
127.82
164.37
316.11
176.34
390.72
173.56
67.76
176.34
284.28
762.27
324.83
351.08
284.28
266.31
560.23
203.86
225.5
155.28
390.72
266.31
189.77
351.08
127.82
62.751
311.04
319.28
284.28
598.04
316.11
255.39
173.56
67.76
386.17
145.46
176.34
173.56
266.31
266.31
445.24
560.23
445.24
762.27
154
712.86
67.76
164.37
62.751
324.83
598.04
284.28
145.46
255.39
284.28
154
182.14
351.08
266.31
145.46
203.63
203.86
284.28
62.751
284.28
712.86
127.82
386.17
762.27
311.04
351.08
176.34
225.5
67.76
203.63
203.63
176.34
469.8
225.5
469.8
445.24
176.34
122.38
67.76
316.11
207.66
598.04
207.66
145.46
266.31
712.86
319.28
203.86
173.56
500.24
762.27
203.63
122.38
154
284.28
154
176.34
225.5
189.77
182.14
225.5
164.37
62.751
319.28
145.46
445.24
203.86
182.14
386.17
386.17
154
138.77
154
316.11
500.24
255.39
145.46
351.08
598.04
155.28
560.23
155.28
500.24
500.24
255.39
245.27
598.04
122.38
255.39
316.11
386.17
164.37
62.751
145.46
390.72
762.27
203.63
915.84
182.14
138.77
203.63
284.28
316.11
266.31
182.14
145.46
145.46
138.77
351.08
225.5
138.77
351.08
154
445.24
255.39
266.31
155.28
445.24
255.39
284.28
207.66
351.08
122.38
311.04
560.23
225.5
319.28
176.34
311.04
176.34
445.24
445.24
762.27
207.66
225.5
311.04
500.24
67.76
154
712.86
762.27
225.5
469.8
712.86
324.83
203.63
203.86
207.66
324.83
225.5
762.27
189.77
189.77
598.04
266.31
386.17
138.77
225.5
122.38
319.28
351.08
712.86
319.28
324.83
500.24
225.5
225.5
469.8
469.8
154
62.751
122.38
145.46
154
316.11
67.76
245.27
324.83
138.77
164.37
176.34
154
182.14
445.24
176.34
390.72
266.31
266.31
386.17
390.72
598.04
138.77
445.24
154
67.76
138.77
138.77
138.77
712.86
173.56
712.86
316.11
560.23
203.63
164.37
154
266.31
173.56
182.14
62.751
311.04
762.27
500.24
62.751
316.11
189.77
138.77
266.31
203.86
255.39
560.23
145.46
207.66
122.38
203.63
386.17
127.82
324.83
176.34
311.04
145.46
207.66
62.751
164.37
173.56
255.39
155.28
189.77
386.17
203.86
122.38
203.86
245.27
469.8
176.34
469.8
284.28
67.76
173.56
311.04
245.27
155.28
164.37
445.24
316.11
145.46
351.08
203.86
225.5
351.08
203.86
62.751
122.38
311.04
225.5
712.86
127.82
203.63
266.31
138.77
598.04
316.11
598.04
316.11
62.751
182.14
138.77
316.11
122.38
324.83
245.27
176.34
255.39
351.08
469.8
182.14
182.14
189.77
319.28
500.24
390.72
560.23
560.23
154
500.24
762.27
390.72
560.23
122.38
319.28
182.14
319.28
560.23
203.63
390.72
154
255.39
316.11
351.08
182.14
173.56
598.04
316.11
127.82
316.11
154
390.72
560.23
189.77
138.77
390.72
182.14
173.56
155.28
122.38
266.31
203.86
390.72
245.27
203.63
122.38
155.28
266.31
203.86
598.04
122.38
207.66
266.31
138.77
266.31
500.24
155.28
145.46
122.38
319.28
62.751
176.34
915.84
390.72
164.37
324.83
138.77
316.11
500.24
598.04
189.77
245.27
324.83
351.08
225.5
203.63
176.34
122.38
225.5
145.46
203.86
712.86
255.39
598.04
127.82
915.84
127.82
182.14
445.24
311.04
225.5
176.34
138.77
176.34
145.46
182.14
127.82
469.8
762.27
155.28
351.08
67.76
316.11
324.83
67.76
62.751
145.46
560.23
173.56
266.31
255.39
284.28
182.14
203.86
203.86
915.84
122.38
203.86
445.24
311.04
182.14
598.04
127.82
182.14
560.23
319.28
324.83
245.27
145.46
762.27
560.23
207.66
500.24
182.14
203.63
445.24
127.82
762.27
62.751
176.34
67.76
207.66
445.24
598.04
266.31
445.24
284.28
390.72
62.751
245.27
173.56
182.14
762.27
155.28
255.39
164.37
284.28
915.84
138.77
762.27
138.77
154
319.28
138.77
122.38
319.28
62.751
915.84
266.31
203.63
351.08
762.27
203.63
324.83
311.04
390.72
311.04
203.63
500.24
164.37
445.24
915.84
176.34
351.08
319.28
203.86
245.27
762.27
762.27
386.17
203.63
67.76
