1150
469.8
598.04
138.77
598.04
316.11
127.82
176.34
266.31
762.27
762.27
145.46
762.27
762.27
245.27
445.24
145.46
207.66
598.04
445.24
762.27
319.28
67.76
500.24
712.86
324.83
390.72
386.17
203.86
319.28
154
351.08
67.76
173.56
67.76
127.82
469.8
351.08
182.14
762.27
67.76
207.66
203.63
390.72
445.24
154
245.27
225.5
319.28
351.08
390.72
173.56
324.83
319.28
145.46
138.77
245.27
762.27
189.77
311.04
164.37
390.72
173.56
255.39
351.08
598.04
762.27
266.31
138.77
145.46
173.56
500.24
173.56
469.8
164.37
712.86
189.77
155.28
173.56
316.11
245.27
189.77
469.8
311.04
266.31
712.86
176.34
390.72
390.72
203.63
284.28
122.38
67.76
266.31
445.24
712.86
138.77
284.28
225.5
62.751
189.77
145.46
445.24
182.14
266.31
145.46
311.04
173.56
319.28
324.83
386.17
225.5
127.82
164.37
598.04
145.46
469.8
266.31
915.84
122.38
207.66
127.82
762.27
62.751
390.72
469.8
560.23
127.82
203.86
173.56
445.24
207.66
598.04
154
173.56
145.46
138.77
560.23
284.28
266.31
145.46
500.24
316.11
189.77
255.39
203.86
122.38
164.37
138.77
154
164.37
207.66
67.76
598.04
762.27
245.27
245.27
189.77
598.04
203.63
138.77
445.24
203.86
164.37
203.86
127.82
138.77
712.86
762.27
284.28
122.38
164.37
189.77
469.8
62.751
67.76
154
319.28
386.17
319.28
225.5
266.31
176.34
386.17
154
324.83
154
203.63
316.11
445.24
122.38
712.86
390.72
245.27
207.66
225.5
182.14
255.39
255.39
469.8
445.24
319.28
203.63
469.8
266.31
189.77
712.86
560.23
266.31
316.11
311.04
155.28
176.34
225.5
164.37
500.24
155.28
164.37
154
164.37
207.66
182.14
712.86
207.66
154
598.04
915.84
207.66
138.77
173.56
203.86
311.04
173.56
311.04
351.08
155.28
138.77
176.34
182.14
207.66
255.39
127.82
173.56
445.24
67.76
712.86
386.17
245.27
284.28
164.37
225.5
762.27
266.31
255.39
164.37
245.27
316.11
324.83
203.86
203.63
915.84
67.76
560.23
598.04
445.24
127.82
173.56
189.77
324.83
138.77
351.08
127.82
319.28
245.27
445.24
351.08
598.04
598.04
189.77
351.08
155.28
67.76
386.17
255.39
245.27
598.04
311.04
316.11
500.24
445.24
284.28
154
164.37
560.23
67.76
245.27
154
915.84
351.08
255.39
225.5
122.38
324.83
67.76
122.38
255.39
127.82
469.8
469.8
386.17
145.46
319.28
255.39
915.84
319.28
445.24
225.5
207.66
469.8
127.82
138.77
154
203.86
469.8
445.24
122.38
203.86
255.39
207.66
319.28
316.11
176.34
207.66
62.751
915.84
154
127.82
203.63
155.28
245.27
189.77
762.27
712.86
67.76
386.17
173.56
207.66
266.31
712.86
207.66
915.84
176.34
351.08
319.28
266.31
351.08
319.28
154
138.77
915.84
154
67.76
284.28
560.23
324.83
154
203.63
225.5
915.84
145.46
500.24
319.28
203.63
154
207.66
245.27
138.77
311.04
164.37
203.63
284.28
173.56
176.34
316.11
173.56
469.8
915.84
386.17
189.77
311.04
127.82
598.04
560.23
469.8
173.56
311.04
62.751
207.66
182.14
145.46
154
207.66
127.82
311.04
225.5
351.08
351.08
316.11
67.76
122.38
182.14
266.31
319.28
203.86
469.8
351.08
762.27
266.31
182.14
127.82
311.04
445.24
207.66
127.82
173.56
145.46
176.34
207.66
255.39
225.5
560.23
255.39
712.86
316.11
762.27
164.37
324.83
176.34
324.83
351.08
122.38
173.56
164.37
324.83
500.24
189.77
445.24
324.83
62.751
311.04
203.63
598.04
62.751
225.5
207.66
225.5
390.72
182.14
445.24
225.5
67.76
154
351.08
245.27
145.46
189.77
311.04
154
386.17
164.37
712.86
173.56
390.72
154
176.34
127.82
284.28
324.83
266.31
207.66
319.28
319.28
324.83
316.11
762.27
155.28
351.08
164.37
138.77
311.04
225.5
225.5
319.28
390.72
189.77
319.28
203.86
500.24
469.8
173.56
316.11
284.28
266.31
560.23
173.56
182.14
138.77
712.86
319.28
245.27
319.28
266.31
319.28
266.31
351.08
255.39
915.84
155.28
127.82
127.82
122.38
203.86
225.5
203.63
390.72
316.11
390.72
712.86
915.84
154
138.77
351.08
127.82
255.39
266.31
560.23
245.27
203.86
324.83
386.17
255.39
189.77
145.46
311.04
173.56
67.76
390.72
164.37
207.66
324.83
189.77
386.17
203.86
324.83
351.08
207.66
62.751
182.14
207.66
173.56
155.28
469.8
207.66
560.23
203.86
390.72
203.86
469.8
390.72
203.63
155.28
445.24
762.27
182.14
324.83
207.66
500.24
390.72
154
560.23
915.84
255.39
560.23
311.04
145.46
155.28
203.86
386.17
469.8
445.24
182.14
266.31
127.82
138.77
138.77
324.83
245.27
154
245.27
145.46
67.76
500.24
284.28
712.86
351.08
284.28
469.8
560.23
915.84
62.751
560.23
316.11
915.84
255.39
245.27
445.24
164.37
245.27
598.04
284.28
500.24
386.17
311.04
164.37
319.28
127.82
316.11
319.28
386.17
598.04
915.84
390.72
284.28
712.86
284.28
62.751
138.77
560.23
245.27
500.24
155.28
266.31
316.11
67.76
316.11
203.63
67.76
245.27
154
138.77
155.28
145.46
154
67.76
316.11
176.34
266.31
351.08
245.27
266.31
225.5
138.77
245.27
500.24
560.23
173.56
155.28
284.28
319.28
207.66
155.28
762.27
122.38
127.82
145.46
145.46
316.11
284.28
67.76
712.86
386.17
386.17
122.38
500.24
712.86
915.84
500.24
445.24
255.39
154
203.86
138.77
67.76
712.86
176.34
176.34
182.14
225.5
319.28
62.751
500.24
284.28
500.24
189.77
225.5
67.76
154
319.28
182.14
598.04
138.77
915.84
266.31
351.08
915.84
176.34
203.86
225.5
390.72
469.8
127.82
154
189.77
122.38
255.39
189.77
154
155.28
598.04
324.83
225.5
598.04
127.82
386.17
386.17
284.28
154
311.04
176.34
138.77
155.28
598.04
122.38
164.37
67.76
207.66
62.751
598.04
155.28
127.82
182.14
225.5
127.82
915.84
182.14
176.34
122.38
176.34
67.76
255.39
390.72
316.11
127.82
122.38
390.72
598.04
266.31
127.82
469.8
189.77
176.34
386.17
62.751
67.76
324.83
311.04
255.39
386.17
351.08
445.24
176.34
324.83
284.28
203.86
122.38
445.24
189.77
311.04
386.17
127.82
138.77
266.31
245.27
598.04
445.24
386.17
67.76
122.38
127.82
445.24
712.86
324.83
138.77
386.17
127.82
138.77
319.28
182.14
319.28
386.17
284.28
386.17
164.37
386.17
762.27
560.23
127.82
203.63
203.63
324.83
311.04
445.24
203.63
155.28
127.82
390.72
155.28
203.63
266.31
164.37
319.28
245.27
145.46
445.24
127.82
176.34
164.37
266.31
127.82
203.86
127.82
138.77
445.24
176.34
311.04
762.27
207.66
351.08
390.72
207.66
319.28
127.82
712.86
154
173.56
445.24
245.27
390.72
203.86
173.56
67.76
324.83
207.66
225.5
311.04
122.38
182.14
390.72
351.08
138.77
138.77
127.82
62.751
207.66
319.28
386.17
266.31
127.82
316.11
138.77
138.77
127.82
145.46
154
155.28
182.14
182.14
155.28
173.56
598.04
351.08
284.28
154
155.28
122.38
598.04
351.08
284.28
182.14
145.46
316.11
915.84
154
173.56
203.86
122.38
324.83
203.86
915.84
203.86
316.11
145.46
203.63
145.46
390.72
560.23
189.77
324.83
176.34
266.31
469.8
311.04
189.77
176.34
225.5
207.66
189.77
284.28
386.17
207.66
207.66
138.77
62.751
176.34
182.14
319.28
762.27
712.86
225.5
164.37
390.72
390.72
386.17
386.17
127.82
324.83
225.5
155.28
127.82
469.8
154
145.46
319.28
598.04
255.39
351.08
145.46
762.27
266.31
324.83
67.76
469.8
386.17
138.77
255.39
182.14
266.31
203.86
203.86
154
173.56
62.751
712.86
319.28
712.86
145.46
712.86
445.24
284.28
207.66
173.56
390.72
164.37
122.38
390.72
324.83
351.08
319.28
207.66
203.86
469.8
182.14
469.8
445.24
500.24
255.39
316.11
762.27
207.66
122.38
560.23
316.11
189.77
915.84
164.37
319.28
311.04
203.63
145.46
62.751
207.66
154
386.17
203.63
500.24
386.17
284.28
154
762.27
173.56
712.86
164.37
203.63
127.82
319.28
154
67.76
386.17
189.77
319.28
203.63
316.11
62.751
598.04
445.24
386.17
469.8
203.63
316.11
284.28
266.31
173.56
164.37
225.5
164.37
445.24
915.84
67.76
266.31
127.82
445.24
915.84
122.38
712.86
62.751
324.83
445.24
266.31
560.23
598.04
316.11
138.77
155.28
154
67.76
127.82
316.11
712.86
189.77
203.86
915.84
762.27
324.83
915.84
390.72
189.77
319.28
164.37
176.34
324.83
266.31
203.86
311.04
390.72
311.04
266.31
311.04
255.39
122.38
351.08
915.84
189.77
762.27
189.77
560.23
225.5
203.86
155.28
138.77
182.14
386.17
445.24
324.83
62.751
500.24
712.86
390.72
67.76
203.63
351.08
386.17
164.37
173.56
324.83
245.27
316.11
164.37
154
469.8
390.72
712.86
127.82
154
127.82
245.27
154
598.04
127.82
67.76
284.28
390.72
182.14
154
189.77
155.28
255.39
598.04
316.11
127.82
203.86
67.76
255.39
207.66
915.84
469.8
245.27
598.04
138.77
203.86
712.86
712.86
