1150
10.89
32.024
20.452
4.0186
6.7896
0.98732
5.5038
11.341
8.9815
4.0186
19.092
5.4625
32.024
9.9734
4.6884
29.915
0.98732
10.408
6.7896
4.6884
4.2716
0.98732
4.6527
5.9229
9.0302
4.6527
9.0302
4.2716
6.1516
4.0186
23.224
15.314
12.235
11.341
35.644
5.4625
0.98732
3.4655
9.0302
32.024
11.341
6.9315
4.0186
9.0302
23.224
11.823
17.925
11.341
17.925
25.125
5.0718
1.1903
9.0302
9.9734
5.0718
9.9734
11.823
3.4655
7.6882
9.0302
7.6882
4.2716
17.925
3.4655
5.9229
7.6882
10.89
3.4655
32.024
6.9315
15.314
3.5356
5.4625
15.314
8.9815
35.644
7.0474
4.0186
15.314
9.0302
5.9229
14.979
6.7896
3.4655
23.224
19.092
3.4655
32.024
23.224
0.98732
4.6527
3.5356
6.9315
5.5038
12.235
3.4655
4.6884
14.979
14.979
11.823
11.341
9.0302
4.6527
19.092
32.024
4.6527
9.0302
4.6527
7.0474
4.2716
19.092
5.0718
6.1516
19.092
14.979
8.9815
17.925
6.1516
5.4625
19.092
6.7896
6.7896
9.0302
6.1516
7.6882
10.408
7.0474
4.0186
32.024
6.1516
19.092
11.823
23.224
10.408
9.0302
4.6884
15.314
4.6527
4.2716
9.9734
4.6527
11.341
3.4655
9.0302
29.915
11.341
5.0718
11.341
3.5356
12.235
8.9815
3.5356
23.224
0.98732
20.452
15.314
5.0718
19.092
4.6527
9.0302
3.4655
7.6882
20.452
29.915
5.4625
15.314
25.125
10.89
10.408
4.6884
6.1516
7.0474
6.1516
3.5356
17.925
17.925
7.0474
8.9815
17.925
7.0474
23.224
9.9734
5.5038
11.341
1.1903
6.7896
23.224
10.89
5.4625
10.408
6.9315
12.235
5.9229
25.125
12.235
8.9815
7.0474
20.452
29.915
1.1903
3.5356
20.452
8.9815
11.823
6.7896
3.5356
10.89
15.314
9.9734
11.823
4.0186
5.0718
5.9229
23.224
15.314
3.5356
9.0302
5.0718
15.314
25.125
5.5038
4.6527
7.0474
8.9815
11.341
6.7896
11.341
4.6527
23.224
25.125
6.9315
29.915
4.6527
10.89
0.98732
5.5038
20.452
4.0186
20.452
6.9315
7.6882
11.823
23.224
10.89
5.9229
10.89
7.6882
5.4625
10.408
4.6884
5.9229
9.9734
14.979
35.644
12.235
0.98732
1.1903
6.1516
6.1516
32.024
4.0186
9.0302
10.89
5.0718
8.9815
4.6884
32.024
32.024
7.6882
19.092
3.4655
5.4625
4.0186
0.98732
11.341
5.4625
11.823
5.0718
7.6882
35.644
4.6527
6.9315
32.024
7.6882
6.9315
9.9734
5.9229
9.9734
32.024
5.5038
19.092
7.0474
5.4625
7.6882
35.644
5.4625
25.125
29.915
4.6527
17.925
4.0186
3.5356
35.644
29.915
14.979
23.224
10.408
11.341
7.6882
8.9815
10.89
25.125
32.024
35.644
4.0186
23.224
23.224
15.314
5.0718
8.9815
19.092
4.2716
5.4625
19.092
4.6884
6.7896
12.235
1.1903
4.6527
19.092
0.98732
19.092
12.235
3.4655
23.224
12.235
4.2716
3.4655
14.979
4.2716
32.024
35.644
12.235
11.341
5.4625
4.0186
11.823
5.5038
6.7896
5.4625
25.125
5.9229
32.024
17.925
10.89
14.979
6.7896
20.452
25.125
32.024
5.4625
7.0474
11.823
23.224
8.9815
6.1516
3.5356
6.7896
7.0474
9.0302
3.4655
3.5356
8.9815
14.979
10.408
4.6527
17.925
20.452
8.9815
20.452
10.408
11.341
9.9734
17.925
25.125
3.4655
3.5356
6.7896
25.125
5.0718
5.4625
3.5356
12.235
35.644
12.711
19.092
4.6884
6.7896
5.0718
4.0186
23.224
11.823
6.1516
4.0186
9.9734
4.6884
4.0186
10.408
7.6882
10.89
19.092
6.9315
25.125
5.5038
8.9815
3.5356
5.5038
6.7896
14.979
11.823
10.89
0.98732
23.224
3.4655
7.0474
8.9815
5.9229
14.979
11.823
32.024
0.98732
17.925
15.314
32.024
4.6884
35.644
23.224
4.6527
9.0302
4.6527
17.925
4.6527
25.125
29.915
6.7896
5.4625
12.235
9.9734
25.125
9.0302
9.9734
19.092
32.024
19.092
32.024
11.341
1.1903
7.0474
5.5038
5.0718
25.125
17.925
5.4625
4.6527
11.341
10.89
8.9815
4.6884
14.979
5.9229
8.9815
11.823
4.6527
17.925
6.1516
5.4625
3.4655
10.89
20.452
14.979
3.4655
4.6884
7.6882
1.1903
20.452
5.0718
6.1516
12.711
4.2716
4.2716
19.092
5.5038
20.452
19.092
6.1516
0.98732
14.979
17.925
10.408
35.644
10.408
12.235
3.5356
5.4625
10.408
4.6884
3.4655
1.1903
12.711
1.1903
29.915
5.5038
4.2716
10.89
9.9734
11.823
1.1903
15.314
5.9229
4.6527
4.6884
8.9815
6.1516
9.0302
6.9315
10.89
6.7896
35.644
12.235
11.823
12.235
15.314
5.5038
5.9229
4.6527
10.89
29.915
19.092
5.4625
10.408
3.4655
12.235
23.224
15.314
1.1903
5.5038
29.915
25.125
12.711
4.2716
9.0302
3.4655
9.0302
15.314
3.5356
1.1903
14.979
23.224
5.5038
4.6884
29.915
19.092
5.5038
7.0474
4.2716
4.6527
23.224
15.314
0.98732
6.7896
5.5038
5.9229
11.823
4.2716
1.1903
7.0474
7.6882
17.925
5.0718
5.0718
35.644
29.915
4.2716
6.9315
20.452
11.823
7.6882
4.6884
4.2716
17.925
12.711
4.6527
7.6882
5.4625
5.4625
10.408
4.0186
0.98732
10.408
3.4655
0.98732
12.711
10.408
9.9734
25.125
11.341
0.98732
6.7896
11.823
8.9815
1.1903
6.7896
35.644
11.823
0.98732
7.6882
6.7896
10.89
14.979
7.6882
17.925
7.0474
32.024
25.125
0.98732
8.9815
5.5038
8.9815
9.0302
9.0302
14.979
9.9734
12.711
4.6884
11.341
6.7896
23.224
7.6882
10.408
7.6882
15.314
0.98732
5.5038
8.9815
10.408
5.4625
29.915
3.5356
4.2716
10.89
32.024
9.9734
5.9229
5.0718
12.235
12.235
15.314
19.092
5.9229
0.98732
1.1903
3.4655
8.9815
12.711
10.89
25.125
10.89
7.0474
17.925
12.711
5.4625
8.9815
6.7896
7.6882
17.925
11.823
7.6882
12.711
15.314
25.125
7.0474
5.9229
4.2716
0.98732
25.125
10.89
3.4655
5.4625
4.2716
12.711
5.0718
4.6527
10.408
12.235
35.644
12.235
5.9229
6.7896
32.024
5.0718
14.979
8.9815
35.644
10.408
10.408
11.823
4.6527
12.235
6.7896
6.9315
4.6884
35.644
20.452
4.0186
12.711
6.1516
3.5356
6.7896
14.979
15.314
5.5038
15.314
11.341
11.341
17.925
25.125
1.1903
15.314
6.1516
32.024
32.024
15.314
6.1516
4.6527
32.024
6.7896
6.1516
5.0718
7.0474
5.4625
4.6884
8.9815
4.6527
25.125
5.4625
4.6527
11.341
10.89
11.823
5.5038
6.7896
35.644
15.314
7.0474
4.6884
6.1516
25.125
19.092
10.408
14.979
1.1903
7.0474
10.408
4.2716
5.0718
1.1903
3.4655
7.0474
0.98732
15.314
29.915
9.9734
4.6527
7.0474
12.711
10.408
12.711
0.98732
3.5356
11.341
29.915
11.823
4.0186
29.915
3.5356
4.6527
20.452
14.979
6.1516
8.9815
10.408
4.0186
15.314
7.0474
1.1903
9.9734
3.4655
12.235
35.644
12.235
3.5356
17.925
5.5038
5.0718
9.9734
7.0474
15.314
15.314
5.4625
15.314
10.408
8.9815
1.1903
4.6884
20.452
32.024
5.9229
15.314
10.408
4.6527
4.0186
1.1903
15.314
12.711
25.125
10.89
11.823
4.6884
6.1516
4.6884
3.5356
10.89
15.314
17.925
29.915
0.98732
5.0718
10.408
6.1516
10.408
11.823
3.4655
3.4655
10.408
23.224
9.9734
5.9229
9.9734
4.0186
5.5038
6.1516
5.5038
4.2716
6.9315
1.1903
8.9815
14.979
19.092
11.823
5.9229
25.125
4.6884
3.4655
17.925
8.9815
6.9315
1.1903
15.314
3.5356
12.235
11.823
4.2716
3.4655
12.711
4.6884
0.98732
5.9229
4.0186
10.408
6.9315
10.408
20.452
17.925
12.711
20.452
11.341
19.092
12.711
5.0718
19.092
5.9229
10.89
10.408
17.925
5.0718
8.9815
35.644
11.341
25.125
17.925
6.1516
11.823
32.024
11.823
15.314
10.408
4.2716
6.7896
6.1516
19.092
12.235
4.0186
15.314
5.4625
5.9229
23.224
17.925
17.925
19.092
11.823
11.823
9.0302
11.341
10.408
12.235
7.0474
35.644
5.5038
7.0474
5.4625
4.0186
6.7896
6.1516
23.224
4.2716
10.408
32.024
0.98732
9.9734
35.644
4.6884
7.0474
15.314
4.6884
8.9815
12.235
32.024
35.644
6.1516
7.0474
23.224
6.1516
11.823
3.4655
6.9315
4.0186
10.408
7.0474
5.0718
23.224
14.979
10.408
32.024
15.314
15.314
5.4625
20.452
5.0718
12.235
6.7896
1.1903
1.1903
3.5356
3.5356
10.89
5.5038
9.0302
0.98732
6.1516
35.644
1.1903
9.9734
6.1516
14.979
8.9815
23.224
11.341
12.711
9.0302
9.9734
9.9734
11.823
14.979
5.4625
14.979
35.644
4.0186
5.4625
8.9815
11.341
25.125
11.341
12.235
8.9815
6.7896
12.711
14.979
29.915
35.644
12.711
7.6882
5.9229
5.9229
11.823
29.915
3.4655
7.6882
9.0302
35.644
29.915
4.0186
9.9734
20.452
4.6527
3.4655
14.979
6.1516
14.979
1.1903
35.644
6.1516
32.024
6.9315
12.711
9.9734
8.9815
3.4655
5.4625
9.9734
5.4625
5.5038
10.89
17.925
5.0718
6.1516
4.2716
6.9315
5.0718
11.341
12.711
10.408
10.408
9.9734
19.092
3.4655
23.224
5.0718
9.0302
8.9815
23.224
5.4625
12.711
0.98732
23.224
10.89
5.0718
4.0186
11.341
19.092
35.644
5.4625
12.235
1.1903
32.024
6.1516
5.4625
19.092
9.9734
10.89
20.452
11.823
5.9229
5.9229
4.2716
3.5356
5.0718
14.979
4.0186
4.2716
9.0302
15.314
12.711
17.925
9.9734
5.0718
4.6884
12.235
6.1516
5.5038
25.125
11.341
5.0718
4.0186
9.9734
20.452
3.4655
29.915
7.6882
5.0718
5.9229
9.9734
11.823
35.644
11.341
0.98732
10.408
7.6882
4.6884
5.9229
11.823
10.408
6.7896
12.235
12.235
5.0718
5.9229
7.6882
15.314
8.9815
5.4625
4.2716
35.644
4.0186
12.235
4.0186
1.1903
11.341
11.341
14.979
5.4625
29.915
15.314
5.0718
25.125
1.1903
7.6882
32.024
20.452
25.125
4.6527
