1150
82.667
44.728
11.807
15.214
9.6962
28.05
20.614
253.43
121.98
19.878
54.142
177.9
196.33
44.728
9.6962
36.819
13.343
24.013
7.6155
7.6155
90.728
36.819
9.6962
8.284
11.993
1.6718
2.0754
65.634
10.602
9.6962
47.008
253.43
20.614
14.769
20.614
44.728
16.159
11.807
82.667
2.0754
90.728
1.6718
54.142
177.9
43.426
135.58
44.728
64.272
19.878
121.98
10.602
101
47.008
9.6962
19.92
47.008
54.142
65.634
45.552
135.58
47.008
15.214
30.222
11.807
121.98
15.214
8.284
30.222
7.6155
28.05
44.728
15.214
7.6155
16.159
8.284
43.426
47.008
36.819
9.6962
11.807
11.807
253.43
90.728
121.98
1.6718
17.441
47.008
8.284
47.008
101
14.769
47.008
2.0754
64.272
20.614
54.142
135.58
11.807
7.6155
28.05
101
17.441
177.9
17.441
253.43
8.284
17.441
13.343
82.667
17.441
196.33
19.92
15.214
121.98
36.819
16.159
32.65
135.58
24.013
16.159
19.92
24.013
65.634
14.769
10.602
11.807
20.614
32.65
177.9
13.343
20.614
11.807
32.65
9.6962
54.142
9.6962
253.43
196.33
28.05
82.667
8.284
17.441
101
45.552
28.05
7.6155
121.98
121.98
9.6962
30.222
253.43
14.769
24.013
1.6718
121.98
54.142
30.222
15.214
13.343
19.92
196.33
20.614
16.159
177.9
121.98
45.552
64.272
64.272
82.667
20.614
36.819
253.43
65.634
16.159
82.667
43.426
15.214
253.43
43.426
90.728
20.614
7.6155
65.634
2.0754
135.58
19.878
13.343
253.43
9.6962
36.819
43.426
253.43
11.993
10.602
1.6718
28.05
13.343
1.6718
28.05
13.343
82.667
11.993
9.6962
19.878
82.667
15.214
24.013
28.05
8.284
9.6962
17.441
19.878
11.807
1.6718
90.728
11.807
101
45.552
16.159
65.634
20.614
2.0754
45.552
8.284
44.728
8.284
17.441
30.222
7.6155
43.426
11.807
36.819
82.667
19.92
64.272
44.728
11.807
14.769
135.58
177.9
13.343
54.142
19.92
47.008
65.634
101
64.272
65.634
8.284
11.807
121.98
177.9
65.634
44.728
44.728
196.33
14.769
11.993
101
9.6962
101
13.343
20.614
24.013
2.0754
8.284
43.426
196.33
11.993
253.43
2.0754
24.013
14.769
16.159
36.819
13.343
11.993
54.142
16.159
17.441
14.769
19.878
2.0754
19.92
13.343
24.013
28.05
19.878
19.878
54.142
196.33
14.769
9.6962
14.769
64.272
64.272
11.993
47.008
90.728
11.993
19.92
20.614
13.343
14.769
11.807
2.0754
11.993
44.728
64.272
15.214
65.634
30.222
54.142
30.222
121.98
54.142
28.05
1.6718
11.993
45.552
121.98
7.6155
30.222
7.6155
47.008
253.43
43.426
36.819
13.343
24.013
44.728
16.159
9.6962
121.98
196.33
90.728
14.769
24.013
11.993
19.92
177.9
16.159
177.9
64.272
1.6718
90.728
17.441
17.441
19.92
9.6962
14.769
90.728
2.0754
15.214
14.769
16.159
36.819
17.441
1.6718
19.878
28.05
43.426
28.05
44.728
20.614
177.9
28.05
44.728
1.6718
45.552
30.222
2.0754
36.819
65.634
90.728
135.58
43.426
90.728
19.92
19.92
9.6962
47.008
20.614
20.614
101
32.65
2.0754
64.272
43.426
9.6962
13.343
45.552
15.214
19.878
1.6718
54.142
20.614
8.284
47.008
24.013
10.602
15.214
7.6155
253.43
9.6962
1.6718
14.769
90.728
16.159
7.6155
19.92
24.013
65.634
8.284
9.6962
13.343
8.284
7.6155
7.6155
47.008
101
24.013
16.159
28.05
121.98
11.993
16.159
36.819
28.05
7.6155
90.728
19.878
10.602
8.284
1.6718
13.343
15.214
14.769
101
121.98
135.58
24.013
16.159
65.634
13.343
9.6962
101
11.993
19.878
36.819
45.552
11.807
24.013
28.05
8.284
32.65
14.769
17.441
36.819
8.284
15.214
11.993
196.33
13.343
16.159
16.159
64.272
19.92
24.013
47.008
101
1.6718
7.6155
11.807
45.552
30.222
13.343
121.98
65.634
135.58
15.214
28.05
11.807
65.634
11.993
13.343
36.819
54.142
7.6155
44.728
65.634
30.222
30.222
11.993
11.807
19.878
17.441
10.602
90.728
11.993
36.819
121.98
121.98
196.33
44.728
47.008
13.343
135.58
44.728
65.634
196.33
65.634
7.6155
101
1.6718
13.343
16.159
15.214
14.769
90.728
19.878
253.43
54.142
121.98
43.426
19.92
44.728
20.614
36.819
15.214
17.441
82.667
47.008
82.667
196.33
54.142
121.98
44.728
45.552
101
36.819
13.343
14.769
65.634
64.272
9.6962
177.9
17.441
64.272
44.728
32.65
44.728
47.008
8.284
28.05
54.142
1.6718
11.993
121.98
135.58
20.614
7.6155
43.426
44.728
17.441
28.05
196.33
121.98
28.05
30.222
44.728
121.98
1.6718
101
196.33
17.441
28.05
54.142
32.65
65.634
13.343
30.222
9.6962
64.272
196.33
10.602
47.008
90.728
65.634
30.222
8.284
90.728
45.552
2.0754
43.426
44.728
121.98
121.98
196.33
30.222
54.142
196.33
24.013
90.728
28.05
121.98
82.667
135.58
36.819
19.878
36.819
253.43
82.667
2.0754
44.728
19.878
20.614
11.807
43.426
43.426
101
19.878
1.6718
8.284
16.159
65.634
54.142
17.441
177.9
15.214
135.58
2.0754
16.159
43.426
177.9
24.013
19.878
14.769
44.728
43.426
14.769
19.92
101
1.6718
90.728
19.878
8.284
82.667
44.728
2.0754
90.728
10.602
7.6155
90.728
47.008
8.284
19.878
90.728
17.441
8.284
101
30.222
253.43
10.602
9.6962
11.807
14.769
24.013
15.214
11.993
32.65
101
196.33
11.993
32.65
101
36.819
54.142
65.634
177.9
20.614
8.284
196.33
16.159
43.426
54.142
196.33
32.65
24.013
65.634
44.728
44.728
16.159
196.33
30.222
43.426
2.0754
13.343
10.602
16.159
24.013
90.728
82.667
32.65
16.159
11.807
9.6962
54.142
13.343
19.92
65.634
19.92
45.552
65.634
13.343
90.728
16.159
15.214
10.602
121.98
90.728
14.769
11.807
13.343
19.878
65.634
54.142
36.819
121.98
30.222
17.441
44.728
7.6155
45.552
13.343
10.602
36.819
7.6155
13.343
16.159
36.819
65.634
20.614
8.284
15.214
135.58
43.426
2.0754
90.728
11.993
16.159
17.441
135.58
8.284
36.819
9.6962
1.6718
196.33
16.159
90.728
7.6155
44.728
101
177.9
10.602
30.222
90.728
36.819
8.284
15.214
101
14.769
253.43
20.614
10.602
8.284
16.159
65.634
32.65
177.9
90.728
44.728
253.43
30.222
20.614
19.92
30.222
54.142
90.728
101
15.214
1.6718
11.807
28.05
20.614
24.013
2.0754
54.142
65.634
28.05
30.222
13.343
101
7.6155
14.769
44.728
43.426
253.43
16.159
177.9
135.58
14.769
13.343
24.013
9.6962
1.6718
65.634
20.614
253.43
2.0754
16.159
135.58
14.769
2.0754
11.807
64.272
32.65
11.993
9.6962
1.6718
11.993
13.343
135.58
54.142
30.222
101
82.667
19.878
2.0754
32.65
30.222
13.343
177.9
135.58
10.602
101
135.58
1.6718
28.05
196.33
13.343
20.614
1.6718
47.008
177.9
19.92
90.728
9.6962
19.878
10.602
36.819
47.008
43.426
82.667
10.602
64.272
19.878
13.343
135.58
20.614
64.272
121.98
7.6155
45.552
101
19.878
7.6155
19.878
28.05
7.6155
32.65
32.65
43.426
90.728
90.728
2.0754
196.33
13.343
7.6155
2.0754
7.6155
30.222
45.552
7.6155
36.819
8.284
24.013
32.65
135.58
121.98
135.58
90.728
196.33
9.6962
11.993
44.728
65.634
32.65
2.0754
253.43
17.441
64.272
9.6962
196.33
19.92
43.426
54.142
11.807
2.0754
30.222
1.6718
28.05
7.6155
47.008
17.441
135.58
135.58
15.214
82.667
30.222
90.728
47.008
36.819
16.159
196.33
2.0754
20.614
44.728
121.98
11.993
28.05
20.614
54.142
135.58
28.05
177.9
43.426
196.33
14.769
14.769
30.222
253.43
16.159
121.98
43.426
11.993
1.6718
47.008
30.222
47.008
14.769
32.65
44.728
36.819
19.92
13.343
24.013
65.634
82.667
7.6155
19.92
19.878
32.65
82.667
101
9.6962
10.602
28.05
30.222
9.6962
20.614
101
2.0754
196.33
43.426
10.602
15.214
64.272
13.343
30.222
44.728
45.552
28.05
8.284
101
121.98
13.343
135.58
11.993
11.807
54.142
11.807
36.819
101
20.614
9.6962
7.6155
65.634
11.993
1.6718
47.008
32.65
45.552
19.92
90.728
177.9
11.993
11.807
82.667
196.33
11.993
90.728
14.769
20.614
177.9
28.05
19.878
54.142
196.33
16.159
20.614
19.92
10.602
32.65
10.602
253.43
1.6718
101
19.878
14.769
32.65
196.33
16.159
11.993
90.728
19.92
177.9
16.159
19.92
253.43
8.284
15.214
19.878
44.728
65.634
121.98
177.9
19.878
28.05
253.43
82.667
28.05
65.634
36.819
30.222
253.43
20.614
44.728
1.6718
19.92
82.667
1.6718
16.159
17.441
43.426
32.65
20.614
19.878
11.807
253.43
19.92
11.993
17.441
196.33
7.6155
20.614
19.878
19.878
19.92
28.05
54.142
101
44.728
32.65
9.6962
13.343
121.98
20.614
20.614
19.92
47.008
20.614
19.878
17.441
17.441
10.602
8.284
32.65
196.33
2.0754
65.634
90.728
13.343
64.272
20.614
82.667
15.214
24.013
121.98
36.819
20.614
8.284
28.05
82.667
177.9
24.013
7.6155
24.013
135.58
101
15.214
45.552
2.0754
13.343
1.6718
54.142
32.65
82.667
177.9
121.98
82.667
16.159
9.6962
65.634
28.05
13.343
13.343
17.441
20.614
1.6718
