1150
127.82
155.28
311.04
351.08
598.04
311.04
560.23
324.83
445.24
266.31
62.751
155.28
207.66
284.28
203.63
319.28
311.04
390.72
154
255.39
203.63
915.84
712.86
598.04
207.66
390.72
598.04
203.63
138.77
255.39
189.77
500.24
154
155.28
266.31
127.82
164.37
316.11
127.82
311.04
598.04
245.27
182.14
390.72
762.27
319.28
245.27
207.66
154
207.66
245.27
560.23
351.08
316.11
127.82
138.77
284.28
225.5
266.31
67.76
284.28
316.11
245.27
145.46
390.72
445.24
176.34
255.39
164.37
154
469.8
122.38
155.28
915.84
284.28
284.28
762.27
127.82
560.23
598.04
155.28
154
319.28
154
138.77
203.63
203.86
127.82
324.83
266.31
915.84
155.28
712.86
319.28
386.17
203.63
245.27
127.82
560.23
225.5
324.83
386.17
176.34
311.04
203.63
445.24
122.38
915.84
390.72
62.751
598.04
560.23
351.08
560.23
225.5
203.63
122.38
915.84
560.23
62.751
324.83
319.28
203.86
245.27
203.63
225.5
62.751
207.66
127.82
67.76
284.28
316.11
386.17
173.56
386.17
351.08
255.39
598.04
445.24
245.27
390.72
324.83
915.84
138.77
560.23
284.28
138.77
762.27
500.24
122.38
176.34
203.86
316.11
712.86
203.86
351.08
762.27
207.66
316.11
598.04
560.23
145.46
155.28
316.11
390.72
164.37
203.63
189.77
225.5
154
386.17
127.82
598.04
122.38
445.24
500.24
225.5
311.04
189.77
390.72
311.04
316.11
500.24
225.5
560.23
245.27
316.11
284.28
351.08
266.31
445.24
225.5
598.04
127.82
915.84
386.17
284.28
145.46
500.24
386.17
207.66
173.56
182.14
284.28
324.83
560.23
155.28
255.39
207.66
164.37
390.72
445.24
203.63
182.14
245.27
176.34
145.46
203.86
176.34
164.37
319.28
762.27
154
598.04
284.28
154
351.08
319.28
182.14
255.39
62.751
62.751
445.24
127.82
324.83
390.72
445.24
351.08
762.27
176.34
915.84
266.31
319.28
762.27
164.37
915.84
154
712.86
762.27
154
67.76
173.56
266.31
390.72
311.04
182.14
207.66
500.24
316.11
173.56
255.39
560.23
154
469.8
154
127.82
67.76
62.751
762.27
560.23
67.76
324.83
915.84
155.28
127.82
189.77
386.17
311.04
225.5
598.04
62.751
255.39
145.46
255.39
284.28
319.28
155.28
189.77
182.14
316.11
311.04
324.83
145.46
319.28
390.72
203.86
203.86
324.83
164.37
762.27
138.77
255.39
67.76
182.14
182.14
762.27
155.28
245.27
225.5
469.8
62.751
445.24
266.31
67.76
255.39
225.5
245.27
319.28
255.39
386.17
712.86
445.24
207.66
127.82
712.86
203.63
390.72
445.24
445.24
311.04
182.14
386.17
245.27
255.39
245.27
207.66
154
176.34
560.23
560.23
245.27
311.04
351.08
145.46
284.28
155.28
122.38
122.38
712.86
255.39
145.46
319.28
311.04
182.14
324.83
203.86
155.28
164.37
203.63
67.76
189.77
266.31
284.28
122.38
284.28
245.27
319.28
445.24
154
762.27
266.31
598.04
319.28
145.46
67.76
62.751
155.28
255.39
145.46
122.38
266.31
915.84
145.46
145.46
145.46
122.38
351.08
225.5
255.39
311.04
560.23
138.77
176.34
122.38
145.46
122.38
154
390.72
598.04
255.39
500.24
164.37
207.66
203.63
351.08
712.86
155.28
390.72
255.39
390.72
560.23
164.37
712.86
62.751
284.28
598.04
154
207.66
182.14
284.28
469.8
203.86
316.11
762.27
469.8
469.8
762.27
154
324.83
386.17
469.8
324.83
182.14
67.76
138.77
176.34
500.24
598.04
225.5
915.84
67.76
500.24
266.31
915.84
560.23
145.46
189.77
122.38
207.66
207.66
182.14
598.04
245.27
351.08
319.28
469.8
173.56
390.72
203.86
122.38
560.23
915.84
138.77
255.39
390.72
127.82
67.76
207.66
138.77
762.27
712.86
712.86
915.84
324.83
351.08
203.63
122.38
207.66
266.31
266.31
445.24
311.04
762.27
316.11
560.23
138.77
469.8
915.84
164.37
598.04
324.83
386.17
324.83
445.24
266.31
390.72
255.39
598.04
138.77
500.24
154
390.72
225.5
311.04
203.63
203.86
386.17
762.27
560.23
311.04
762.27
316.11
390.72
598.04
164.37
127.82
469.8
207.66
386.17
712.86
176.34
182.14
266.31
266.31
319.28
311.04
145.46
207.66
203.63
122.38
164.37
915.84
598.04
445.24
138.77
266.31
67.76
324.83
469.8
598.04
145.46
176.34
445.24
245.27
266.31
560.23
915.84
62.751
189.77
266.31
386.17
762.27
351.08
173.56
762.27
598.04
225.5
386.17
284.28
915.84
203.86
560.23
598.04
203.63
386.17
598.04
598.04
122.38
67.76
284.28
62.751
155.28
62.751
445.24
154
762.27
390.72
469.8
207.66
176.34
324.83
500.24
560.23
598.04
500.24
245.27
245.27
122.38
225.5
311.04
127.82
189.77
173.56
284.28
207.66
203.86
67.76
173.56
164.37
351.08
319.28
138.77
138.77
122.38
386.17
284.28
500.24
127.82
173.56
67.76
319.28
173.56
351.08
138.77
255.39
67.76
127.82
225.5
351.08
311.04
155.28
316.11
351.08
182.14
445.24
154
164.37
311.04
560.23
469.8
311.04
62.751
762.27
445.24
203.86
560.23
324.83
164.37
154
560.23
182.14
182.14
203.86
390.72
145.46
324.83
319.28
469.8
203.63
138.77
500.24
351.08
284.28
386.17
390.72
266.31
445.24
324.83
266.31
324.83
762.27
316.11
469.8
154
390.72
155.28
203.86
445.24
203.86
67.76
155.28
67.76
319.28
173.56
207.66
154
560.23
189.77
155.28
445.24
62.751
67.76
266.31
712.86
311.04
311.04
319.28
712.86
155.28
560.23
67.76
469.8
67.76
203.86
311.04
155.28
445.24
155.28
154
316.11
712.86
319.28
155.28
598.04
203.63
67.76
164.37
598.04
560.23
284.28
284.28
62.751
138.77
155.28
469.8
203.63
182.14
173.56
176.34
207.66
154
284.28
319.28
324.83
189.77
762.27
164.37
386.17
203.86
500.24
203.63
351.08
189.77
560.23
390.72
207.66
203.86
203.63
207.66
203.63
122.38
207.66
311.04
176.34
203.86
127.82
245.27
176.34
62.751
560.23
155.28
324.83
145.46
915.84
255.39
598.04
386.17
245.27
311.04
189.77
255.39
445.24
173.56
176.34
189.77
560.23
127.82
155.28
176.34
189.77
386.17
560.23
67.76
122.38
62.751
154
62.751
225.5
164.37
712.86
351.08
245.27
122.38
266.31
319.28
311.04
207.66
127.82
469.8
164.37
255.39
445.24
255.39
176.34
560.23
122.38
386.17
598.04
225.5
225.5
145.46
762.27
560.23
245.27
203.86
138.77
712.86
62.751
154
182.14
67.76
145.46
386.17
245.27
189.77
164.37
225.5
154
182.14
173.56
469.8
351.08
189.77
284.28
176.34
173.56
173.56
324.83
255.39
122.38
122.38
173.56
207.66
176.34
324.83
762.27
390.72
316.11
390.72
386.17
311.04
390.72
203.86
311.04
164.37
176.34
62.751
189.77
145.46
203.86
145.46
469.8
386.17
127.82
469.8
164.37
127.82
319.28
762.27
469.8
316.11
182.14
173.56
207.66
189.77
560.23
62.751
351.08
189.77
176.34
319.28
712.86
598.04
915.84
122.38
138.77
915.84
127.82
324.83
712.86
145.46
560.23
62.751
189.77
164.37
915.84
500.24
445.24
598.04
445.24
500.24
182.14
386.17
319.28
176.34
189.77
598.04
67.76
351.08
155.28
469.8
155.28
127.82
316.11
127.82
445.24
598.04
182.14
176.34
62.751
245.27
915.84
386.17
182.14
311.04
445.24
138.77
284.28
560.23
324.83
164.37
189.77
266.31
122.38
203.86
164.37
245.27
469.8
203.63
255.39
127.82
598.04
155.28
203.63
319.28
390.72
154
255.39
915.84
351.08
122.38
67.76
245.27
225.5
245.27
145.46
189.77
560.23
386.17
207.66
598.04
127.82
154
762.27
127.82
203.63
176.34
122.38
155.28
207.66
176.34
351.08
164.37
762.27
176.34
145.46
266.31
445.24
207.66
915.84
207.66
176.34
164.37
762.27
164.37
203.86
164.37
173.56
207.66
915.84
598.04
266.31
311.04
122.38
284.28
598.04
225.5
203.86
127.82
319.28
915.84
324.83
207.66
319.28
311.04
386.17
319.28
255.39
712.86
311.04
319.28
351.08
500.24
203.63
351.08
255.39
203.63
207.66
324.83
164.37
915.84
915.84
176.34
189.77
915.84
445.24
445.24
316.11
469.8
225.5
469.8
138.77
255.39
351.08
164.37
266.31
203.63
445.24
324.83
915.84
712.86
284.28
122.38
203.86
154
915.84
255.39
560.23
319.28
225.5
127.82
762.27
316.11
145.46
203.86
560.23
266.31
266.31
207.66
154
164.37
176.34
266.31
284.28
203.86
598.04
176.34
319.28
176.34
173.56
189.77
469.8
266.31
311.04
164.37
127.82
319.28
915.84
127.82
154
62.751
500.24
245.27
225.5
598.04
207.66
266.31
351.08
122.38
255.39
245.27
500.24
316.11
138.77
311.04
145.46
203.86
266.31
560.23
319.28
445.24
138.77
255.39
598.04
127.82
316.11
122.38
203.86
351.08
127.82
469.8
316.11
598.04
316.11
203.86
319.28
245.27
127.82
316.11
762.27
245.27
311.04
311.04
164.37
324.83
145.46
390.72
155.28
154
386.17
173.56
145.46
316.11
173.56
173.56
500.24
203.86
127.82
154
203.63
560.23
311.04
173.56
189.77
560.23
598.04
225.5
173.56
266.31
154
500.24
164.37
154
62.751
182.14
266.31
469.8
445.24
62.751
203.63
