1150
10.142
7.5155
10.142
6.889
19.418
14.752
6.0078
21.872
10.602
5.3669
0.80564
11.877
3.3994
11.031
6.636
14.442
3.3287
11.877
5.3669
12.326
4.1387
8.8182
32.379
21.872
6.889
14.442
1.0143
10.142
32.379
4.5198
14.752
6.7753
6.889
5.7819
3.8851
3.8851
5.3259
4.9377
4.5198
4.5198
11.488
4.5555
12.326
14.442
14.752
6.7753
8.7711
4.5198
10.602
27.626
17.143
32.379
19.418
29.393
11.488
5.3259
6.636
6.0078
10.602
17.143
4.9377
3.3287
6.889
5.3259
19.418
6.889
6.636
4.1387
8.7711
4.5198
4.5555
4.9377
7.5155
17.143
12.326
0.80564
29.393
4.9377
3.3287
27.626
11.031
18.199
3.3994
5.3259
17.143
17.143
4.1387
0.80564
29.393
8.8182
4.5555
4.5198
8.7711
4.9377
11.488
10.602
19.418
11.031
6.0078
6.889
1.0143
11.877
14.442
4.9377
8.8182
14.442
10.602
17.143
18.199
29.393
6.889
4.5555
29.393
29.393
10.142
21.872
5.3669
5.3669
4.5555
6.0078
8.8182
3.8851
11.488
4.1387
18.199
3.8851
3.8851
6.889
27.626
29.393
4.1387
4.5555
4.1387
1.0143
6.889
8.7711
3.3287
0.80564
23.53
6.7753
29.393
27.626
19.418
14.442
4.9377
29.393
19.418
4.5555
14.752
4.9377
6.7753
0.80564
18.199
6.889
4.5198
5.3259
21.872
6.636
29.393
6.0078
6.889
29.393
10.142
5.3259
9.726
17.143
29.393
12.326
11.488
5.7819
18.199
11.488
1.0143
29.393
0.80564
8.8182
6.636
6.636
3.8851
6.0078
6.636
27.626
4.9377
12.326
6.7753
27.626
5.7819
32.379
1.0143
6.0078
8.7711
4.9377
5.3669
18.199
7.5155
8.8182
18.199
4.5198
3.3287
6.0078
11.488
29.393
19.418
6.7753
27.626
8.7711
10.602
18.199
7.5155
5.3669
12.326
18.199
27.626
6.636
27.626
8.7711
3.8851
6.889
29.393
29.393
14.442
18.199
10.602
4.1387
27.626
4.5198
4.9377
17.143
27.626
10.602
1.0143
11.877
5.3669
11.031
23.53
8.7711
32.379
4.5198
4.5198
10.142
4.1387
4.1387
21.872
10.602
4.5555
1.0143
6.889
6.889
5.3669
18.199
6.7753
11.877
18.199
18.199
4.5555
12.326
32.379
14.752
7.5155
11.031
11.488
23.53
14.442
4.1387
5.3259
9.726
11.488
12.326
6.7753
17.143
6.7753
11.031
29.393
19.418
0.80564
5.7819
6.0078
4.5198
21.872
19.418
18.199
5.7819
5.3669
8.8182
8.8182
9.726
7.5155
11.031
14.442
5.7819
23.53
8.7711
12.326
6.636
21.872
5.3669
11.488
11.031
21.872
17.143
11.031
10.602
9.726
9.726
5.3259
19.418
5.7819
11.877
17.143
11.877
17.143
6.7753
11.877
19.418
5.3259
0.80564
19.418
3.3287
14.752
32.379
11.031
12.326
6.889
3.3287
5.3669
23.53
8.8182
6.0078
6.636
11.877
3.8851
3.3994
4.9377
6.0078
10.142
3.8851
5.3669
4.9377
4.5198
11.031
11.031
5.7819
11.877
10.602
5.7819
17.143
18.199
4.5555
6.889
12.326
11.031
17.143
12.326
6.636
3.3994
4.9377
4.1387
3.8851
11.031
8.8182
29.393
14.752
8.8182
4.9377
0.80564
6.889
11.031
4.5555
12.326
0.80564
6.636
3.3287
1.0143
10.602
0.80564
6.7753
6.7753
5.3669
14.752
11.877
27.626
3.8851
32.379
11.877
6.889
3.3287
11.877
32.379
3.8851
6.0078
7.5155
10.602
5.3669
21.872
14.442
17.143
7.5155
4.5198
4.5198
18.199
4.1387
6.636
8.8182
3.3287
3.3994
5.7819
0.80564
11.031
18.199
3.8851
11.031
21.872
14.442
8.7711
7.5155
5.7819
12.326
18.199
23.53
18.199
3.3994
32.379
4.5555
18.199
21.872
4.5198
12.326
0.80564
9.726
4.9377
12.326
5.7819
4.9377
19.418
10.142
11.488
11.031
21.872
10.602
11.877
19.418
19.418
3.8851
1.0143
4.5198
21.872
4.1387
11.488
5.3669
3.8851
4.1387
18.199
6.636
6.7753
18.199
6.636
14.442
11.488
6.636
23.53
11.877
8.8182
6.636
17.143
5.7819
11.488
29.393
4.9377
14.752
19.418
3.8851
8.7711
11.488
3.3994
3.3287
3.8851
14.752
1.0143
18.199
11.877
5.3669
11.488
14.442
7.5155
3.3287
29.393
6.7753
27.626
14.442
3.3994
18.199
8.7711
14.442
0.80564
11.488
3.8851
6.7753
0.80564
27.626
6.7753
8.8182
9.726
0.80564
23.53
12.326
9.726
11.488
23.53
17.143
10.602
18.199
5.3259
9.726
7.5155
27.626
3.8851
5.3259
8.7711
6.889
1.0143
12.326
5.3669
19.418
29.393
8.8182
6.636
4.9377
3.8851
7.5155
14.442
4.5555
21.872
11.488
4.5555
7.5155
5.3669
6.636
4.5198
11.488
4.9377
18.199
6.0078
6.636
3.8851
3.8851
17.143
5.3259
4.5555
5.3669
4.5198
0.80564
5.7819
5.3259
14.752
10.602
6.0078
8.8182
6.636
18.199
5.3259
11.877
3.3287
10.602
10.142
3.3994
4.9377
4.9377
32.379
14.442
27.626
4.1387
4.9377
6.889
5.7819
1.0143
12.326
10.142
7.5155
29.393
27.626
4.5198
10.142
3.8851
4.9377
14.442
17.143
3.8851
11.877
3.3994
6.0078
6.636
5.3259
11.031
29.393
11.488
17.143
4.5198
4.9377
18.199
11.877
17.143
14.442
9.726
3.3287
17.143
6.889
11.488
4.1387
3.3994
9.726
9.726
18.199
7.5155
5.3259
27.626
1.0143
4.5555
10.602
11.877
27.626
3.3287
21.872
23.53
11.877
32.379
3.3994
4.9377
1.0143
3.3994
11.031
17.143
17.143
0.80564
11.488
3.3994
18.199
9.726
0.80564
4.5555
4.1387
6.0078
29.393
5.3669
4.1387
4.9377
5.7819
4.5198
4.1387
19.418
8.7711
14.752
23.53
3.3287
11.877
9.726
32.379
8.7711
5.7819
6.0078
9.726
11.877
3.3287
14.442
23.53
14.752
27.626
4.1387
1.0143
12.326
19.418
19.418
4.5555
11.877
1.0143
27.626
5.3259
11.031
23.53
27.626
6.0078
23.53
0.80564
12.326
27.626
9.726
21.872
11.031
8.8182
3.3287
17.143
4.9377
32.379
32.379
23.53
29.393
3.3994
0.80564
23.53
18.199
32.379
8.8182
4.5555
17.143
29.393
6.889
3.3994
14.442
12.326
32.379
18.199
4.5555
32.379
11.031
3.3287
19.418
11.488
3.3994
14.752
4.5555
27.626
8.8182
11.488
10.142
11.877
8.7711
21.872
8.7711
4.9377
17.143
1.0143
1.0143
3.3287
6.889
4.9377
6.0078
4.1387
5.3259
14.752
18.199
8.7711
3.3287
18.199
4.5198
19.418
6.0078
11.488
14.442
7.5155
11.877
7.5155
3.3287
6.889
11.031
12.326
18.199
18.199
14.752
6.0078
6.889
12.326
8.8182
8.7711
29.393
4.5555
3.3287
17.143
19.418
14.752
5.7819
5.3259
11.877
6.636
10.602
5.3669
9.726
6.889
8.7711
32.379
8.8182
5.3669
5.3669
6.7753
21.872
17.143
4.5198
18.199
27.626
1.0143
14.442
14.752
3.8851
23.53
17.143
10.602
10.142
12.326
1.0143
4.5555
4.1387
18.199
5.7819
27.626
29.393
10.142
8.7711
19.418
29.393
29.393
6.636
19.418
14.442
6.0078
17.143
5.3669
6.7753
1.0143
4.9377
5.3669
18.199
3.3287
0.80564
27.626
12.326
12.326
8.7711
0.80564
11.031
10.602
11.031
4.5555
1.0143
4.9377
19.418
6.636
0.80564
5.3669
18.199
6.0078
3.8851
23.53
6.7753
9.726
3.3287
8.7711
5.3259
18.199
0.80564
19.418
0.80564
3.3994
27.626
14.752
3.3994
12.326
6.0078
19.418
4.5198
21.872
12.326
23.53
6.636
0.80564
23.53
6.0078
6.636
10.142
6.889
11.031
9.726
8.8182
21.872
10.602
3.3287
32.379
3.3287
7.5155
8.7711
1.0143
3.3287
10.142
3.8851
14.752
11.488
11.488
11.877
7.5155
3.3287
29.393
4.1387
0.80564
4.9377
3.3994
4.1387
4.5555
23.53
11.031
23.53
4.9377
11.877
6.7753
27.626
10.602
11.031
5.7819
21.872
21.872
3.3287
8.7711
18.199
14.752
29.393
14.752
5.3259
23.53
3.3994
6.7753
12.326
17.143
0.80564
10.602
1.0143
5.3669
0.80564
10.142
3.3287
27.626
1.0143
5.3259
6.889
3.3287
8.8182
14.752
5.3259
5.7819
10.602
11.488
6.0078
8.7711
4.5555
7.5155
10.142
21.872
6.0078
32.379
11.877
4.1387
6.636
4.9377
3.3994
12.326
4.9377
14.442
11.031
4.5555
18.199
12.326
9.726
11.877
4.1387
8.8182
3.3994
3.3287
5.3259
10.602
6.0078
10.602
0.80564
3.3994
8.8182
29.393
29.393
32.379
1.0143
7.5155
10.602
11.488
4.5198
11.877
11.488
0.80564
19.418
29.393
6.889
29.393
3.3994
3.3994
5.3259
4.5198
1.0143
6.636
6.0078
8.8182
6.636
27.626
10.142
10.602
6.7753
21.872
3.8851
6.0078
17.143
5.3259
3.3994
14.752
11.031
18.199
10.602
5.7819
6.0078
5.7819
6.0078
11.877
9.726
10.602
8.7711
9.726
14.752
5.3259
8.7711
17.143
6.0078
4.5555
11.031
9.726
1.0143
10.142
19.418
32.379
4.9377
8.7711
5.7819
17.143
29.393
9.726
6.7753
3.3287
4.9377
4.5555
12.326
8.8182
29.393
5.7819
17.143
14.442
23.53
17.143
10.602
0.80564
23.53
6.0078
5.3669
14.442
6.7753
6.889
8.7711
5.3259
6.0078
14.442
9.726
3.8851
1.0143
14.752
5.7819
11.488
11.031
8.8182
4.1387
0.80564
9.726
11.031
17.143
3.3287
6.0078
12.326
10.142
5.7819
8.7711
19.418
8.8182
5.7819
4.9377
11.877
4.5198
5.3669
10.602
29.393
1.0143
6.7753
3.3287
3.3994
4.5198
19.418
6.889
32.379
4.5555
0.80564
27.626
23.53
3.3994
10.142
23.53
21.872
6.636
18.199
5.7819
11.488
7.5155
11.877
8.7711
6.889
11.877
11.877
3.8851
18.199
14.442
0.80564
4.1387
8.7711
14.442
4.5555
14.442
29.393
14.752
8.8182
23.53
14.442
3.8851
6.0078
3.8851
19.418
11.877
3.3994
6.636
5.3259
14.442
32.379
11.877
6.636
6.889
4.5198
3.3994
6.636
8.8182
32.379
3.8851
6.7753
12.326
19.418
21.872
11.488
