1150
20.3700000000000
63.9300000000000
47.1800000000000
21.0300000000000
42.1400000000000
32.2400000000000
6.94000000000000
23.9300000000000
7.54000000000000
47.1800000000000
71.5400000000000
36.3500000000000
47.1800000000000
34.9800000000000
20.3700000000000
42.1400000000000
36.3500000000000
23.9300000000000
23.9300000000000
16.7800000000000
30.3500000000000
17.9300000000000
42.1400000000000
38.9000000000000
38.9000000000000
42.1400000000000
35.8000000000000
57.8800000000000
28.0900000000000
21.9100000000000
66.1100000000000
16
17.9300000000000
16.7800000000000
49.1300000000000
14.0600000000000
28.0900000000000
34.9800000000000
23.4800000000000
36.3500000000000
51.4100000000000
57.8800000000000
66.1100000000000
57.8800000000000
6.94000000000000
7.54000000000000
55.5300000000000
23.9300000000000
23.9300000000000
21.0300000000000
63.9300000000000
38.9000000000000
63.9300000000000
30.3500000000000
6.94000000000000
49.1300000000000
20.3700000000000
55.5300000000000
51.4100000000000
30.3500000000000
25.9200000000000
51.4100000000000
21.9100000000000
18.9800000000000
7.54000000000000
16
32.2400000000000
57.8800000000000
42.5500000000000
38.9000000000000
23.9300000000000
66.1100000000000
42.5500000000000
23.4800000000000
30.3500000000000
17.9300000000000
20.0500000000000
42.1400000000000
21.0300000000000
23.9300000000000
42.1400000000000
21.9100000000000
25.9200000000000
7.54000000000000
42.1400000000000
35.4900000000000
16
17.9300000000000
21.0300000000000
7.54000000000000
17.9300000000000
14.0600000000000
6.94000000000000
35.4900000000000
47.1800000000000
23.5000000000000
20.0500000000000
20.3700000000000
38.9000000000000
17.7800000000000
32.2400000000000
18.9800000000000
63.9300000000000
32.2400000000000
55.5300000000000
71.5400000000000
66.1100000000000
28.0900000000000
16
14.0600000000000
23.4800000000000
32.2400000000000
63.9300000000000
63.9300000000000
49.1300000000000
17.7800000000000
23.5000000000000
57.8800000000000
30.3500000000000
25.9200000000000
20.3700000000000
35.4900000000000
17.7800000000000
63.9300000000000
38.9000000000000
49.1300000000000
28.0900000000000
66.1100000000000
51.4100000000000
16
63.9300000000000
36.3500000000000
21.0300000000000
51.4100000000000
66.1100000000000
36.3500000000000
32.2400000000000
16.7800000000000
71.5400000000000
49.1300000000000
57.8800000000000
36.3500000000000
20.3700000000000
42.1400000000000
20.0500000000000
35.4900000000000
20.3700000000000
29.1800000000000
42.1400000000000
42.1400000000000
23.5000000000000
16.7800000000000
6.94000000000000
14.7100000000000
63.9300000000000
35.4900000000000
35.4900000000000
6.94000000000000
17.9300000000000
14.0600000000000
16.7800000000000
14.7100000000000
16
14.0600000000000
20.0500000000000
7.54000000000000
42.1400000000000
66.1100000000000
17.9300000000000
34.9800000000000
23.9300000000000
17.7800000000000
17.9300000000000
17.7800000000000
63.9300000000000
28.0900000000000
47.1800000000000
17.7800000000000
18.9800000000000
51.4100000000000
28.0900000000000
71.5400000000000
17.7800000000000
66.1100000000000
23.4800000000000
25.9200000000000
21.9100000000000
16.7800000000000
49.1300000000000
17.7800000000000
49.1300000000000
23.5000000000000
23.9300000000000
30.3500000000000
23.9300000000000
6.94000000000000
35.8000000000000
20.0500000000000
34.9800000000000
21.9100000000000
30.3500000000000
47.1800000000000
32.2400000000000
20.3700000000000
25.9200000000000
63.9300000000000
55.5300000000000
55.5300000000000
66.1100000000000
42.5500000000000
6.94000000000000
71.5400000000000
25.9200000000000
29.1800000000000
14.7100000000000
47.1800000000000
38.9000000000000
30.3500000000000
42.1400000000000
36.3500000000000
35.4900000000000
14.0600000000000
23.4800000000000
23.5000000000000
36.3500000000000
23.5000000000000
30.3500000000000
35.4900000000000
23.9300000000000
51.4100000000000
30.3500000000000
49.1300000000000
21.0300000000000
51.4100000000000
17.9300000000000
16
14.7100000000000
16.7800000000000
47.1800000000000
66.1100000000000
17.9300000000000
47.1800000000000
6.94000000000000
16
17.7800000000000
63.9300000000000
30.3500000000000
7.54000000000000
55.5300000000000
66.1100000000000
28.0900000000000
23.9300000000000
35.4900000000000
18.9800000000000
38.9000000000000
71.5400000000000
16.7800000000000
35.4900000000000
35.8000000000000
35.4900000000000
71.5400000000000
23.4800000000000
20.0500000000000
25.9200000000000
16
21.9100000000000
47.1800000000000
20.3700000000000
42.1400000000000
35.8000000000000
51.4100000000000
29.1800000000000
23.4800000000000
35.4900000000000
34.9800000000000
30.3500000000000
42.1400000000000
23.4800000000000
16
23.4800000000000
49.1300000000000
57.8800000000000
21.9100000000000
6.94000000000000
7.54000000000000
51.4100000000000
63.9300000000000
42.5500000000000
66.1100000000000
28.0900000000000
30.3500000000000
35.8000000000000
71.5400000000000
57.8800000000000
6.94000000000000
32.2400000000000
42.1400000000000
16.7800000000000
7.54000000000000
30.3500000000000
7.54000000000000
28.0900000000000
17.9300000000000
28.0900000000000
35.8000000000000
7.54000000000000
51.4100000000000
7.54000000000000
35.8000000000000
29.1800000000000
32.2400000000000
55.5300000000000
17.7800000000000
17.9300000000000
16
49.1300000000000
42.1400000000000
57.8800000000000
16.7800000000000
23.9300000000000
35.4900000000000
34.9800000000000
20.3700000000000
47.1800000000000
23.4800000000000
71.5400000000000
17.9300000000000
47.1800000000000
51.4100000000000
25.9200000000000
36.3500000000000
47.1800000000000
18.9800000000000
42.5500000000000
63.9300000000000
71.5400000000000
55.5300000000000
29.1800000000000
6.94000000000000
6.94000000000000
14.7100000000000
47.1800000000000
30.3500000000000
38.9000000000000
18.9800000000000
6.94000000000000
16
35.4900000000000
6.94000000000000
63.9300000000000
71.5400000000000
23.4800000000000
57.8800000000000
34.9800000000000
51.4100000000000
28.0900000000000
14.0600000000000
25.9200000000000
21.0300000000000
57.8800000000000
57.8800000000000
35.8000000000000
18.9800000000000
18.9800000000000
30.3500000000000
23.5000000000000
42.5500000000000
23.5000000000000
20.0500000000000
21.9100000000000
63.9300000000000
23.4800000000000
28.0900000000000
18.9800000000000
30.3500000000000
17.9300000000000
20.3700000000000
30.3500000000000
29.1800000000000
28.0900000000000
57.8800000000000
42.1400000000000
57.8800000000000
47.1800000000000
25.9200000000000
18.9800000000000
14.0600000000000
20.3700000000000
23.9300000000000
25.9200000000000
71.5400000000000
63.9300000000000
34.9800000000000
34.9800000000000
16
23.5000000000000
63.9300000000000
17.9300000000000
17.7800000000000
21.9100000000000
35.4900000000000
23.9300000000000
23.5000000000000
20.3700000000000
57.8800000000000
36.3500000000000
14.7100000000000
14.7100000000000
6.94000000000000
63.9300000000000
23.4800000000000
23.9300000000000
32.2400000000000
17.7800000000000
6.94000000000000
35.8000000000000
25.9200000000000
17.9300000000000
17.9300000000000
36.3500000000000
42.1400000000000
30.3500000000000
29.1800000000000
23.5000000000000
32.2400000000000
42.1400000000000
20.3700000000000
47.1800000000000
14.0600000000000
25.9200000000000
23.5000000000000
57.8800000000000
23.9300000000000
66.1100000000000
23.5000000000000
18.9800000000000
55.5300000000000
28.0900000000000
23.9300000000000
30.3500000000000
18.9800000000000
20.0500000000000
17.9300000000000
32.2400000000000
51.4100000000000
51.4100000000000
35.8000000000000
71.5400000000000
71.5400000000000
36.3500000000000
47.1800000000000
21.9100000000000
47.1800000000000
7.54000000000000
21.9100000000000
21.9100000000000
16
71.5400000000000
23.5000000000000
23.5000000000000
47.1800000000000
23.9300000000000
32.2400000000000
35.8000000000000
7.54000000000000
23.5000000000000
66.1100000000000
34.9800000000000
63.9300000000000
63.9300000000000
42.5500000000000
30.3500000000000
49.1300000000000
6.94000000000000
42.1400000000000
14.7100000000000
7.54000000000000
17.7800000000000
28.0900000000000
6.94000000000000
51.4100000000000
28.0900000000000
16.7800000000000
18.9800000000000
14.0600000000000
17.9300000000000
25.9200000000000
25.9200000000000
21.9100000000000
23.9300000000000
21.0300000000000
32.2400000000000
71.5400000000000
38.9000000000000
21.9100000000000
32.2400000000000
23.4800000000000
23.4800000000000
23.9300000000000
42.1400000000000
21.9100000000000
35.4900000000000
51.4100000000000
16
17.7800000000000
66.1100000000000
71.5400000000000
20.0500000000000
20.3700000000000
51.4100000000000
47.1800000000000
23.4800000000000
23.4800000000000
20.0500000000000
20.0500000000000
71.5400000000000
7.54000000000000
36.3500000000000
29.1800000000000
16
25.9200000000000
38.9000000000000
66.1100000000000
30.3500000000000
63.9300000000000
71.5400000000000
25.9200000000000
23.4800000000000
14.7100000000000
51.4100000000000
23.5000000000000
42.5500000000000
30.3500000000000
28.0900000000000
20.0500000000000
16
14.0600000000000
51.4100000000000
21.9100000000000
36.3500000000000
14.7100000000000
34.9800000000000
16
18.9800000000000
23.5000000000000
38.9000000000000
55.5300000000000
49.1300000000000
18.9800000000000
21.9100000000000
66.1100000000000
20.3700000000000
16.7800000000000
42.1400000000000
20.3700000000000
21.0300000000000
6.94000000000000
32.2400000000000
23.9300000000000
16.7800000000000
38.9000000000000
30.3500000000000
20.0500000000000
23.5000000000000
18.9800000000000
32.2400000000000
7.54000000000000
34.9800000000000
7.54000000000000
55.5300000000000
21.9100000000000
16
34.9800000000000
35.4900000000000
47.1800000000000
42.1400000000000
47.1800000000000
35.8000000000000
57.8800000000000
34.9800000000000
42.1400000000000
38.9000000000000
36.3500000000000
63.9300000000000
66.1100000000000
21.0300000000000
14.7100000000000
49.1300000000000
36.3500000000000
17.7800000000000
28.0900000000000
63.9300000000000
16
35.8000000000000
17.7800000000000
35.4900000000000
35.4900000000000
23.9300000000000
35.8000000000000
25.9200000000000
51.4100000000000
38.9000000000000
23.9300000000000
35.4900000000000
35.8000000000000
55.5300000000000
71.5400000000000
42.1400000000000
29.1800000000000
7.54000000000000
14.7100000000000
51.4100000000000
57.8800000000000
36.3500000000000
25.9200000000000
66.1100000000000
14.0600000000000
23.4800000000000
6.94000000000000
34.9800000000000
32.2400000000000
6.94000000000000
34.9800000000000
21.9100000000000
6.94000000000000
71.5400000000000
16
30.3500000000000
55.5300000000000
36.3500000000000
7.54000000000000
23.9300000000000
23.9300000000000
42.5500000000000
71.5400000000000
20.0500000000000
55.5300000000000
7.54000000000000
21.0300000000000
42.1400000000000
28.0900000000000
30.3500000000000
18.9800000000000
16
28.0900000000000
55.5300000000000
35.8000000000000
25.9200000000000
16
16.7800000000000
71.5400000000000
66.1100000000000
23.9300000000000
42.5500000000000
32.2400000000000
42.5500000000000
71.5400000000000
7.54000000000000
21.9100000000000
28.0900000000000
17.7800000000000
21.9100000000000
55.5300000000000
14.0600000000000
14.7100000000000
17.9300000000000
35.4900000000000
20.0500000000000
42.1400000000000
21.0300000000000
42.5500000000000
20.0500000000000
36.3500000000000
16
63.9300000000000
25.9200000000000
21.9100000000000
17.7800000000000
28.0900000000000
25.9200000000000
14.0600000000000
55.5300000000000
57.8800000000000
47.1800000000000
25.9200000000000
47.1800000000000
55.5300000000000
36.3500000000000
14.0600000000000
16
23.9300000000000
47.1800000000000
34.9800000000000
25.9200000000000
7.54000000000000
17.7800000000000
63.9300000000000
34.9800000000000
29.1800000000000
17.9300000000000
66.1100000000000
23.4800000000000
25.9200000000000
49.1300000000000
47.1800000000000
23.9300000000000
35.4900000000000
66.1100000000000
35.8000000000000
20.0500000000000
42.1400000000000
32.2400000000000
71.5400000000000
20.3700000000000
28.0900000000000
20.3700000000000
14.0600000000000
16
14.0600000000000
71.5400000000000
34.9800000000000
47.1800000000000
55.5300000000000
49.1300000000000
63.9300000000000
7.54000000000000
16.7800000000000
42.1400000000000
55.5300000000000
23.4800000000000
17.9300000000000
32.2400000000000
6.94000000000000
7.54000000000000
63.9300000000000
23.5000000000000
47.1800000000000
18.9800000000000
34.9800000000000
57.8800000000000
35.4900000000000
63.9300000000000
71.5400000000000
16.7800000000000
6.94000000000000
57.8800000000000
16.7800000000000
14.7100000000000
38.9000000000000
17.7800000000000
16.7800000000000
28.0900000000000
66.1100000000000
42.1400000000000
36.3500000000000
14.0600000000000
21.0300000000000
63.9300000000000
51.4100000000000
57.8800000000000
34.9800000000000
16.7800000000000
17.7800000000000
42.1400000000000
66.1100000000000
35.8000000000000
30.3500000000000
34.9800000000000
18.9800000000000
49.1300000000000
47.1800000000000
34.9800000000000
23.9300000000000
30.3500000000000
21.9100000000000
71.5400000000000
23.4800000000000
66.1100000000000
6.94000000000000
47.1800000000000
23.9300000000000
35.4900000000000
21.0300000000000
63.9300000000000
18.9800000000000
23.4800000000000
21.0300000000000
7.54000000000000
34.9800000000000
51.4100000000000
34.9800000000000
23.4800000000000
16.7800000000000
16
71.5400000000000
30.3500000000000
14.7100000000000
20.0500000000000
17.9300000000000
21.0300000000000
57.8800000000000
29.1800000000000
16.7800000000000
16.7800000000000
14.0600000000000
51.4100000000000
71.5400000000000
63.9300000000000
23.5000000000000
57.8800000000000
28.0900000000000
25.9200000000000
17.7800000000000
14.0600000000000
35.4900000000000
21.0300000000000
25.9200000000000
17.9300000000000
6.94000000000000
47.1800000000000
23.4800000000000
6.94000000000000
38.9000000000000
17.9300000000000
36.3500000000000
18.9800000000000
20.0500000000000
16
21.9100000000000
42.5500000000000
57.8800000000000
38.9000000000000
18.9800000000000
25.9200000000000
63.9300000000000
35.4900000000000
20.0500000000000
35.4900000000000
38.9000000000000
23.5000000000000
17.7800000000000
21.0300000000000
36.3500000000000
35.4900000000000
18.9800000000000
7.54000000000000
30.3500000000000
17.7800000000000
29.1800000000000
55.5300000000000
35.4900000000000
20.0500000000000
51.4100000000000
16.7800000000000
20.0500000000000
36.3500000000000
18.9800000000000
49.1300000000000
21.0300000000000
28.0900000000000
42.5500000000000
42.1400000000000
35.4900000000000
18.9800000000000
42.1400000000000
21.9100000000000
20.3700000000000
16
6.94000000000000
63.9300000000000
57.8800000000000
23.4800000000000
38.9000000000000
36.3500000000000
16
17.9300000000000
57.8800000000000
57.8800000000000
23.4800000000000
20.0500000000000
34.9800000000000
35.4900000000000
6.94000000000000
49.1300000000000
29.1800000000000
57.8800000000000
16
66.1100000000000
63.9300000000000
14.7100000000000
23.5000000000000
21.0300000000000
51.4100000000000
66.1100000000000
42.1400000000000
36.3500000000000
35.8000000000000
21.0300000000000
42.1400000000000
16.7800000000000
42.5500000000000
14.7100000000000
66.1100000000000
34.9800000000000
57.8800000000000
17.7800000000000
71.5400000000000
18.9800000000000
18.9800000000000
23.5000000000000
47.1800000000000
51.4100000000000
23.5000000000000
23.5000000000000
42.5500000000000
18.9800000000000
55.5300000000000
36.3500000000000
71.5400000000000
17.7800000000000
17.9300000000000
21.0300000000000
42.5500000000000
23.4800000000000
34.9800000000000
23.4800000000000
30.3500000000000
23.4800000000000
35.8000000000000
6.94000000000000
49.1300000000000
21.9100000000000
38.9000000000000
66.1100000000000
29.1800000000000
35.8000000000000
23.9300000000000
51.4100000000000
35.8000000000000
29.1800000000000
23.4800000000000
36.3500000000000
14.7100000000000
7.54000000000000
55.5300000000000
35.8000000000000
34.9800000000000
23.9300000000000
29.1800000000000
16.7800000000000
14.7100000000000
36.3500000000000
16.7800000000000
30.3500000000000
6.94000000000000
23.9300000000000
18.9800000000000
35.8000000000000
29.1800000000000
34.9800000000000
17.9300000000000
16
6.94000000000000
63.9300000000000
38.9000000000000
30.3500000000000
20.3700000000000
7.54000000000000
51.4100000000000
34.9800000000000
6.94000000000000
63.9300000000000
6.94000000000000
35.8000000000000
47.1800000000000
29.1800000000000
20.3700000000000
35.4900000000000
23.9300000000000
30.3500000000000
17.7800000000000
42.1400000000000
17.9300000000000
14.7100000000000
57.8800000000000
49.1300000000000
55.5300000000000
14.7100000000000
38.9000000000000
17.7800000000000
49.1300000000000
42.1400000000000
42.5500000000000
42.5500000000000
14.0600000000000
34.9800000000000
57.8800000000000
29.1800000000000
29.1800000000000
20.0500000000000
66.1100000000000
32.2400000000000
66.1100000000000
7.54000000000000
17.7800000000000
29.1800000000000
35.8000000000000
21.9100000000000
35.8000000000000
21.9100000000000
51.4100000000000
30.3500000000000
36.3500000000000
20.0500000000000
16
7.54000000000000
55.5300000000000
42.5500000000000
47.1800000000000
23.9300000000000
14.0600000000000
16.7800000000000
18.9800000000000
14.0600000000000
51.4100000000000
16.7800000000000
35.4900000000000
30.3500000000000
17.7800000000000
42.5500000000000
35.4900000000000
16.7800000000000
25.9200000000000
36.3500000000000
20.3700000000000
35.4900000000000
63.9300000000000
32.2400000000000
36.3500000000000
71.5400000000000
57.8800000000000
35.8000000000000
71.5400000000000
16.7800000000000
29.1800000000000
35.4900000000000
47.1800000000000
23.9300000000000
7.54000000000000
29.1800000000000
16
23.4800000000000
38.9000000000000
16
47.1800000000000
7.54000000000000
49.1300000000000
55.5300000000000
17.9300000000000
34.9800000000000
71.5400000000000
7.54000000000000
16
18.9800000000000
32.2400000000000
36.3500000000000
42.1400000000000
29.1800000000000
35.8000000000000
7.54000000000000
17.7800000000000
42.1400000000000
21.0300000000000
42.1400000000000
51.4100000000000
14.7100000000000
34.9800000000000
38.9000000000000
32.2400000000000
18.9800000000000
57.8800000000000
66.1100000000000
29.1800000000000
38.9000000000000
47.1800000000000
17.9300000000000
14.7100000000000
35.4900000000000
6.94000000000000
7.54000000000000
16
49.1300000000000
23.4800000000000
18.9800000000000
23.4800000000000
17.7800000000000
42.5500000000000
21.0300000000000
21.0300000000000
42.1400000000000
34.9800000000000
42.5500000000000
21.9100000000000
17.7800000000000
32.2400000000000
28.0900000000000
23.9300000000000
21.0300000000000
71.5400000000000
20.0500000000000
32.2400000000000
21.9100000000000
21.0300000000000
6.94000000000000
36.3500000000000
55.5300000000000
23.9300000000000
51.4100000000000
66.1100000000000
23.4800000000000
17.9300000000000
17.7800000000000
21.0300000000000
51.4100000000000
29.1800000000000
49.1300000000000
14.7100000000000
35.4900000000000
32.2400000000000
20.0500000000000
6.94000000000000
20.3700000000000
49.1300000000000
57.8800000000000
71.5400000000000
6.94000000000000
42.1400000000000
14.7100000000000
35.4900000000000
47.1800000000000
49.1300000000000
32.2400000000000
20.0500000000000
47.1800000000000
17.7800000000000
20.0500000000000
6.94000000000000
23.5000000000000
6.94000000000000
51.4100000000000