500
35.84
14.32
50.65
35.84
28.20
28.53
35.84
32.55
44.99
44.99
7.73
14.32
35.84
46.86
50.65
42.45
28.53
55.77
23.83
14.32
46.86
46.86
61.39
46.86
63.60
36.77
63.60
63.60
36.77
55.77
61.39
61.39
35.84
46.86
61.39
50.65
61.39
35.84
55.77
63.60
28.53
22.18
50.65
37.34
63.60
35.84
23.83
44.99
61.39
42.45
28.20
35.84
32.55
14.32
37.34
55.77
36.77
28.20
61.39
50.65
46.86
37.34
37.34
28.20
36.77
63.60
35.84
44.99
35.84
46.86
22.18
23.83
14.32
44.99
55.77
50.65
46.86
14.32
36.77
55.77
55.77
28.53
23.83
16.51
44.99
36.77
7.73
32.55
32.55
50.65
50.65
37.34
16.51
37.34
46.86
32.55
22.18
23.83
63.60
35.84
50.65
37.34
50.65
63.60
42.45
42.45
42.45
14.32
61.39
61.39
44.99
28.20
28.53
14.32
36.77
37.34
46.86
7.73
22.18
35.84
28.53
63.60
61.39
63.60
22.18
16.51
37.34
37.34
44.99
28.20
32.55
28.53
16.51
14.32
36.77
28.20
63.60
46.86
37.34
44.99
63.60
32.55
61.39
61.39
55.77
7.73
28.53
28.20
42.45
16.51
28.53
55.77
23.83
7.73
63.60
37.34
23.83
32.55
46.86
37.34
32.55
37.34
22.18
50.65
50.65
35.84
46.86
32.55
46.86
16.51
36.77
44.99
16.51
14.32
28.53
35.84
46.86
16.51
61.39
22.18
28.53
32.55
63.60
22.18
55.77
36.77
28.20
61.39
36.77
35.84
50.65
28.53
63.60
36.77
46.86
44.99
22.18
55.77
55.77
7.73
42.45
23.83
46.86
35.84
50.65
36.77
37.34
22.18
28.53
28.20
55.77
63.60
42.45
61.39
63.60
42.45
50.65
32.55
35.84
14.32
50.65
28.53
55.77
63.60
35.84
28.53
7.73
61.39
44.99
32.55
63.60
46.86
42.45
36.77
55.77
14.32
35.84
28.20
22.18
16.51
61.39
14.32
63.60
44.99
7.73
7.73
55.77
35.84
55.77
22.18
50.65
23.83
63.60
61.39
36.77
61.39
42.45
50.65
37.34
22.18
61.39
36.77
63.60
28.53
22.18
46.86
28.20
16.51
55.77
44.99
61.39
32.55
50.65
50.65
28.53
61.39
28.20
16.51
35.84
23.83
7.73
42.45
42.45
42.45
44.99
55.77
7.73
44.99
37.34
44.99
61.39
23.83
14.32
28.20
50.65
35.84
32.55
22.18
23.83
44.99
50.65
44.99
37.34
63.60
35.84
35.84
23.83
42.45
32.55
28.20
37.34
50.65
63.60
46.86
37.34
35.84
16.51
22.18
44.99
63.60
42.45
61.39
22.18
44.99
28.20
7.73
50.65
32.55
14.32
61.39
32.55
37.34
23.83
42.45
28.53
35.84
32.55
28.53
23.83
46.86
23.83
63.60
61.39
23.83
23.83
23.83
23.83
23.83
32.55
50.65
42.45
22.18
50.65
63.60
16.51
55.77
23.83
32.55
28.20
32.55
28.20
14.32
44.99
7.73
22.18
35.84
23.83
32.55
37.34
7.73
55.77
55.77
14.32
22.18
7.73
37.34
44.99
46.86
22.18
63.60
35.84
14.32
22.18
28.53
55.77
7.73
28.53
42.45
50.65
7.73
50.65
7.73
28.20
23.83
61.39
37.34
36.77
46.86
16.51
55.77
36.77
7.73
16.51
23.83
7.73
44.99
7.73
35.84
35.84
28.20
37.34
28.20
61.39
7.73
37.34
28.53
28.53
7.73
44.99
36.77
46.86
50.65
23.83
22.18
28.53
44.99
16.51
32.55
7.73
14.32
44.99
50.65
61.39
61.39
42.45
16.51
14.32
46.86
46.86
42.45
46.86
22.18
50.65
63.60
32.55
23.83
35.84
44.99
55.77
63.60
16.51
44.99
14.32
14.32
16.51
36.77
35.84
35.84
50.65
36.77
44.99
35.84
28.20
23.83
63.60
23.83
50.65
35.84
28.20
42.45
7.73
14.32
61.39
61.39
50.65
61.39
44.99
46.86
44.99
22.18
35.84
50.65
7.73
37.34
32.55
14.32
32.55
55.77
42.45
46.86
61.39
28.20
46.86
55.77
32.55
36.77
42.45
35.84
22.18
23.83