1150
807.47
245.3
178.79
61.775
479.88
159.61
66.909
159.61
313.12
61.775
479.88
246.33
452.27
246.33
428.63
369.05
178.79
452.27
807.47
203.65
285.35
183.89
217.58
159.61
246.33
452.27
536.7
197.99
135.37
452.27
245.3
183.89
428.63
322.89
536.7
536.7
479.88
375.83
66.909
428.63
150.85
159.61
168.46
201.11
313.12
141.25
275.32
169.39
725.11
245.3
124.05
245.3
66.909
183.89
678.55
66.909
201.11
266.23
807.47
375.83
246.33
536.7
678.55
452.27
201.11
201.11
576.21
285.35
266.23
322.89
294.7
725.11
275.32
428.63
576.21
536.7
313.12
304.65
275.32
294.7
178.79
725.11
576.21
201.11
313.12
266.23
178.79
452.27
576.21
217.58
168.46
452.27
217.58
150.04
197.99
275.32
169.39
150.04
124.05
322.89
294.7
725.11
678.55
536.7
141.25
169.39
246.33
201.11
122.39
322.89
135.37
428.63
294.7
375.83
452.27
141.25
159.61
807.47
169.39
168.46
313.12
304.65
375.83
304.65
178.79
369.05
168.46
428.63
536.7
246.33
304.65
150.04
452.27
159.61
150.04
159.61
169.39
183.89
452.27
159.61
135.37
183.89
452.27
304.65
217.58
375.83
197.99
217.58
275.32
150.04
725.11
294.7
183.89
203.65
285.35
169.39
266.23
807.47
536.7
375.83
122.39
135.37
124.05
203.65
304.65
304.65
285.35
203.65
245.3
61.775
294.7
168.46
452.27
576.21
807.47
168.46
428.63
61.775
135.37
576.21
369.05
168.46
61.775
285.35
725.11
369.05
66.909
217.58
61.775
246.33
169.39
201.11
479.88
725.11
217.58
452.27
369.05
275.32
159.61
807.47
168.46
294.7
178.79
479.88
452.27
285.35
369.05
169.39
150.04
678.55
141.25
725.11
304.65
203.65
141.25
245.3
159.61
428.63
322.89
266.23
678.55
275.32
725.11
150.04
245.3
61.775
725.11
452.27
183.89
135.37
197.99
169.39
536.7
201.11
369.05
304.65
807.47
135.37
428.63
168.46
201.11
203.65
203.65
375.83
135.37
203.65
150.85
285.35
313.12
150.85
168.46
807.47
217.58
275.32
245.3
150.04
285.35
159.61
178.79
266.23
807.47
294.7
313.12
150.04
159.61
452.27
150.85
536.7
725.11
304.65
294.7
201.11
275.32
246.33
141.25
428.63
150.04
124.05
369.05
275.32
124.05
807.47
150.04
178.79
178.79
66.909
275.32
294.7
266.23
183.89
266.23
322.89
124.05
369.05
122.39
159.61
807.47
725.11
245.3
183.89
285.35
576.21
135.37
678.55
245.3
428.63
169.39
135.37
294.7
294.7
725.11
159.61
169.39
576.21
479.88
479.88
428.63
452.27
536.7
375.83
61.775
169.39
135.37
178.79
452.27
124.05
536.7
678.55
66.909
141.25
201.11
246.33
159.61
124.05
201.11
266.23
168.46
122.39
266.23
178.79
536.7
678.55
141.25
322.89
322.89
294.7
245.3
375.83
266.23
61.775
313.12
428.63
217.58
150.04
479.88
294.7
168.46
169.39
479.88
245.3
159.61
275.32
141.25
275.32
159.61
217.58
150.04
479.88
536.7
807.47
135.37
141.25
197.99
428.63
285.35
168.46
122.39
452.27
275.32
285.35
275.32
322.89
536.7
178.79
313.12
479.88
266.23
275.32
135.37
266.23
313.12
313.12
275.32
452.27
203.65
66.909
246.33
313.12
725.11
159.61
122.39
369.05
725.11
807.47
183.89
197.99
313.12
725.11
178.79
428.63
285.35
479.88
197.99
61.775
479.88
246.33
266.23
124.05
452.27
245.3
275.32
201.11
266.23
135.37
313.12
452.27
576.21
150.04
285.35
197.99
124.05
201.11
122.39
183.89
150.04
178.79
197.99
159.61
294.7
322.89
169.39
285.35
150.85
246.33
61.775
197.99
576.21
536.7
183.89
246.33
536.7
576.21
141.25
245.3
124.05
375.83
169.39
678.55
285.35
201.11
122.39
217.58
61.775
66.909
150.85
61.775
124.05
150.04
61.775
375.83
203.65
576.21
217.58
452.27
369.05
217.58
124.05
304.65
150.04
150.85
375.83
150.85
135.37
428.63
169.39
678.55
122.39
375.83
197.99
245.3
807.47
61.775
245.3
678.55
246.33
576.21
275.32
576.21
135.37
294.7
725.11
168.46
217.58
807.47
479.88
159.61
428.63
678.55
197.99
322.89
452.27
725.11
294.7
141.25
285.35
168.46
375.83
322.89
807.47
285.35
141.25
266.23
201.11
322.89
141.25
479.88
169.39
452.27
124.05
197.99
375.83
285.35
169.39
159.61
304.65
178.79
452.27
150.04
135.37
124.05
725.11
217.58
313.12
141.25
313.12
452.27
725.11
576.21
168.46
266.23
245.3
428.63
66.909
245.3
807.47
313.12
201.11
479.88
285.35
203.65
159.61
246.33
122.39
285.35
452.27
168.46
178.79
197.99
428.63
141.25
428.63
678.55
124.05
313.12
313.12
266.23
322.89
122.39
285.35
135.37
294.7
807.47
452.27
536.7
322.89
183.89
294.7
576.21
159.61
178.79
725.11
197.99
61.775
304.65
197.99
285.35
246.33
322.89
725.11
124.05
150.85
168.46
245.3
169.39
285.35
141.25
576.21
294.7
201.11
285.35
203.65
168.46
275.32
201.11
266.23
245.3
294.7
124.05
217.58
536.7
275.32
61.775
807.47
576.21
150.04
203.65
313.12
369.05
452.27
159.61
122.39
452.27
66.909
61.775
150.04
576.21
725.11
375.83
275.32
246.33
479.88
159.61
246.33
322.89
183.89
304.65
369.05
201.11
275.32
725.11
183.89
275.32
275.32
168.46
246.33
285.35
135.37
369.05
122.39
61.775
807.47
285.35
678.55
135.37
159.61
203.65
217.58
807.47
217.58
807.47
452.27
135.37
203.65
183.89
135.37
807.47
536.7
246.33
294.7
285.35
266.23
275.32
203.65
178.79
313.12
197.99
322.89
66.909
275.32
246.33
246.33
313.12
807.47
275.32
201.11
304.65
203.65
536.7
217.58
178.79
375.83
285.35
201.11
479.88
246.33
294.7
217.58
150.85
313.12
576.21
322.89
285.35
304.65
275.32
246.33
807.47
66.909
266.23
201.11
245.3
452.27
725.11
576.21
576.21
322.89
197.99
135.37
576.21
322.89
275.32
285.35
168.46
322.89
428.63
285.35
725.11
285.35
313.12
322.89
197.99
135.37
61.775
150.85
168.46
313.12
159.61
452.27
168.46
217.58
285.35
150.04
66.909
369.05
122.39
178.79
122.39
141.25
122.39
678.55
275.32
369.05
141.25
428.63
135.37
294.7
369.05
217.58
183.89
135.37
124.05
313.12
217.58
178.79
452.27
266.23
375.83
183.89
159.61
428.63
266.23
536.7
66.909
124.05
266.23
246.33
135.37
304.65
246.33
294.7
122.39
246.33
285.35
61.775
285.35
479.88
275.32
576.21
124.05
178.79
266.23
266.23
369.05
122.39
203.65
725.11
124.05
141.25
294.7
150.04
375.83
159.61
201.11
479.88
122.39
266.23
452.27
266.23
66.909
169.39
576.21
452.27
203.65
807.47
369.05
479.88
452.27
201.11
183.89
124.05
322.89
285.35
285.35
536.7
245.3
183.89
159.61
159.61
169.39
428.63
313.12
201.11
201.11
285.35
245.3
479.88
725.11
294.7
169.39
159.61
479.88
66.909
807.47
266.23
576.21
122.39
285.35
141.25
294.7
246.33
178.79
61.775
61.775
807.47
122.39
150.85
61.775
678.55
66.909
285.35
168.46
452.27
203.65
201.11
275.32
135.37
178.79
159.61
266.23
285.35
536.7
135.37
141.25
313.12
217.58
183.89
159.61
135.37
294.7
479.88
266.23
375.83
246.33
246.33
678.55
245.3
428.63
124.05
452.27
266.23
285.35
275.32
150.85
428.63
285.35
203.65
428.63
203.65
217.58
169.39
217.58
266.23
375.83
178.79
266.23
201.11
245.3
203.65
169.39
452.27
183.89
375.83
141.25
576.21
807.47
275.32
375.83
452.27
536.7
428.63
576.21
178.79
375.83
203.65
150.85
197.99
313.12
245.3
150.85
536.7
304.65
135.37
66.909
245.3
201.11
245.3
169.39
124.05
313.12
178.79
807.47
150.85
285.35
576.21
576.21
141.25
285.35
275.32
159.61
217.58
245.3
246.33
313.12
122.39
168.46
61.775
178.79
245.3
725.11
313.12
66.909
313.12
678.55
245.3
150.04
150.04
169.39
61.775
536.7
183.89
168.46
304.65
369.05
245.3
245.3
266.23
201.11
428.63
428.63
183.89
428.63
304.65
678.55
203.65
150.04
159.61
678.55
428.63
178.79
536.7
124.05
135.37
201.11
201.11
678.55
294.7
428.63
479.88
246.33
266.23
725.11
245.3
150.85
536.7
135.37
313.12
576.21
304.65
135.37
245.3
285.35
428.63
375.83
217.58
61.775
576.21
322.89
322.89
183.89
141.25
183.89
807.47
807.47
124.05
678.55
275.32
428.63
294.7
285.35
135.37
203.65
141.25
217.58
275.32
369.05
122.39
66.909
124.05
124.05
678.55
150.85
122.39
479.88
150.04
141.25
322.89
246.33
141.25
479.88
294.7
169.39
428.63
294.7
178.79
135.37
479.88
678.55
66.909
169.39
169.39
246.33
169.39
807.47
159.61
807.47
159.61
217.58
135.37
201.11
304.65
275.32
807.47
201.11
201.11
135.37
807.47
246.33
452.27
183.89
124.05
150.85
178.79
201.11
369.05
159.61
322.89
369.05
246.33
245.3
807.47
159.61
266.23
266.23
217.58
66.909
183.89
168.46
246.33
304.65
201.11
452.27
807.47
479.88
197.99
285.35
61.775
275.32
159.61
150.04
375.83
141.25
294.7
245.3
678.55
150.04
452.27
304.65
678.55
266.23
201.11
168.46
168.46
576.21
159.61
452.27
375.83
246.33
169.39
304.65
217.58
135.37
183.89
322.89
246.33
217.58
122.39
375.83
141.25
150.04
285.35
294.7
