1150
9.6962
177.9
65.634
24.013
54.142
32.65
16.159
10.602
15.214
7.6155
19.878
16.159
15.214
20.614
13.343
11.993
90.728
43.426
15.214
10.602
19.878
15.214
54.142
32.65
20.614
82.667
177.9
11.807
82.667
24.013
177.9
121.98
47.008
11.993
8.284
8.284
54.142
28.05
45.552
8.284
10.602
24.013
64.272
30.222
45.552
8.284
15.214
135.58
17.441
54.142
14.769
54.142
17.441
1.6718
45.552
17.441
135.58
44.728
44.728
32.65
32.65
1.6718
8.284
44.728
1.6718
19.878
19.878
11.807
36.819
121.98
90.728
19.878
177.9
19.878
14.769
90.728
8.284
253.43
47.008
65.634
7.6155
2.0754
9.6962
24.013
47.008
20.614
28.05
90.728
10.602
253.43
90.728
14.769
19.878
65.634
32.65
28.05
101
65.634
13.343
11.993
45.552
65.634
65.634
7.6155
30.222
13.343
121.98
253.43
20.614
9.6962
43.426
13.343
1.6718
44.728
54.142
7.6155
43.426
30.222
196.33
121.98
43.426
28.05
101
1.6718
82.667
17.441
32.65
1.6718
2.0754
45.552
44.728
19.878
65.634
19.92
14.769
101
9.6962
44.728
43.426
9.6962
253.43
32.65
121.98
20.614
8.284
10.602
1.6718
14.769
90.728
177.9
20.614
177.9
90.728
44.728
19.92
15.214
15.214
19.878
13.343
19.92
43.426
65.634
30.222
10.602
7.6155
30.222
19.92
19.92
9.6962
43.426
44.728
17.441
10.602
16.159
36.819
121.98
47.008
90.728
47.008
196.33
253.43
28.05
11.807
101
14.769
28.05
36.819
8.284
14.769
253.43
43.426
135.58
16.159
19.92
177.9
10.602
2.0754
20.614
101
11.807
14.769
135.58
14.769
90.728
15.214
17.441
11.993
32.65
19.878
9.6962
64.272
24.013
32.65
177.9
121.98
253.43
54.142
44.728
7.6155
30.222
24.013
15.214
10.602
8.284
65.634
44.728
36.819
13.343
65.634
19.92
28.05
54.142
121.98
45.552
82.667
45.552
11.807
19.92
11.993
253.43
36.819
20.614
1.6718
90.728
16.159
177.9
43.426
177.9
11.993
9.6962
15.214
253.43
253.43
17.441
10.602
24.013
19.92
8.284
10.602
65.634
54.142
20.614
13.343
14.769
19.878
1.6718
11.807
1.6718
24.013
101
82.667
135.58
82.667
30.222
36.819
20.614
11.807
14.769
15.214
8.284
15.214
54.142
8.284
11.807
10.602
10.602
44.728
10.602
9.6962
43.426
36.819
47.008
196.33
30.222
13.343
8.284
19.92
196.33
47.008
54.142
16.159
11.993
24.013
20.614
7.6155
1.6718
19.878
36.819
20.614
10.602
28.05
11.807
121.98
8.284
253.43
9.6962
24.013
13.343
253.43
177.9
16.159
8.284
196.33
121.98
90.728
13.343
19.878
196.33
47.008
101
15.214
8.284
11.807
19.878
19.878
47.008
15.214
2.0754
7.6155
45.552
1.6718
43.426
13.343
82.667
1.6718
9.6962
19.878
2.0754
253.43
11.993
54.142
20.614
47.008
45.552
54.142
54.142
30.222
8.284
177.9
196.33
16.159
7.6155
54.142
19.878
10.602
121.98
45.552
10.602
10.602
54.142
47.008
8.284
7.6155
54.142
24.013
90.728
16.159
64.272
101
7.6155
2.0754
20.614
65.634
177.9
36.819
28.05
11.807
121.98
82.667
196.33
36.819
2.0754
196.33
36.819
8.284
7.6155
10.602
15.214
64.272
19.878
8.284
135.58
44.728
24.013
15.214
10.602
14.769
101
121.98
177.9
7.6155
30.222
2.0754
45.552
19.878
1.6718
82.667
19.92
8.284
45.552
47.008
15.214
36.819
36.819
20.614
177.9
44.728
28.05
28.05
28.05
177.9
82.667
8.284
43.426
121.98
7.6155
44.728
20.614
65.634
1.6718
135.58
16.159
19.878
20.614
14.769
19.878
7.6155
14.769
28.05
19.878
177.9
30.222
28.05
1.6718
1.6718
17.441
82.667
11.993
44.728
11.993
11.993
64.272
32.65
10.602
54.142
11.993
44.728
17.441
7.6155
30.222
45.552
90.728
10.602
8.284
196.33
14.769
32.65
177.9
45.552
54.142
20.614
82.667
13.343
14.769
36.819
8.284
253.43
19.878
16.159
90.728
2.0754
65.634
36.819
36.819
11.807
11.807
8.284
16.159
82.667
8.284
47.008
19.92
11.807
24.013
10.602
30.222
14.769
10.602
24.013
32.65
20.614
121.98
11.993
13.343
36.819
44.728
15.214
196.33
44.728
47.008
24.013
20.614
64.272
47.008
32.65
64.272
8.284
82.667
14.769
90.728
47.008
20.614
16.159
2.0754
11.993
65.634
253.43
196.33
1.6718
14.769
28.05
1.6718
121.98
121.98
101
30.222
196.33
36.819
121.98
196.33
90.728
177.9
16.159
16.159
17.441
36.819
82.667
177.9
2.0754
45.552
43.426
17.441
2.0754
11.807
45.552
15.214
90.728
17.441
253.43
1.6718
28.05
54.142
64.272
45.552
90.728
101
30.222
20.614
65.634
47.008
36.819
13.343
20.614
9.6962
11.807
20.614
82.667
19.878
30.222
135.58
11.807
43.426
10.602
15.214
16.159
196.33
36.819
36.819
90.728
82.667
82.667
16.159
43.426
14.769
15.214
9.6962
7.6155
9.6962
101
7.6155
30.222
19.878
7.6155
64.272
8.284
16.159
64.272
196.33
7.6155
30.222
16.159
36.819
253.43
19.92
20.614
32.65
2.0754
8.284
7.6155
1.6718
196.33
9.6962
8.284
9.6962
90.728
196.33
9.6962
15.214
253.43
28.05
1.6718
65.634
2.0754
17.441
28.05
44.728
101
15.214
11.993
17.441
36.819
17.441
11.807
14.769
177.9
14.769
65.634
7.6155
82.667
44.728
82.667
19.92
47.008
135.58
28.05
135.58
135.58
45.552
2.0754
82.667
11.993
64.272
17.441
28.05
11.807
16.159
28.05
14.769
44.728
2.0754
44.728
196.33
7.6155
16.159
20.614
253.43
10.602
11.807
54.142
253.43
121.98
9.6962
9.6962
14.769
47.008
19.92
24.013
45.552
10.602
28.05
196.33
9.6962
19.92
2.0754
19.878
30.222
101
10.602
8.284
28.05
64.272
121.98
47.008
64.272
1.6718
43.426
135.58
2.0754
19.878
14.769
15.214
196.33
16.159
177.9
54.142
2.0754
17.441
16.159
14.769
47.008
2.0754
36.819
14.769
7.6155
54.142
8.284
82.667
121.98
30.222
20.614
121.98
19.878
19.878
36.819
2.0754
177.9
24.013
11.993
177.9
10.602
121.98
253.43
177.9
15.214
15.214
43.426
19.878
20.614
17.441
19.92
20.614
16.159
2.0754
2.0754
14.769
196.33
65.634
20.614
11.807
24.013
19.92
43.426
36.819
54.142
64.272
28.05
253.43
82.667
90.728
196.33
121.98
10.602
44.728
43.426
13.343
36.819
54.142
45.552
11.993
20.614
10.602
30.222
121.98
11.807
177.9
7.6155
17.441
135.58
32.65
15.214
253.43
14.769
47.008
9.6962
11.807
11.807
121.98
8.284
82.667
54.142
177.9
36.819
90.728
11.993
19.92
17.441
17.441
14.769
47.008
44.728
64.272
9.6962
43.426
16.159
19.92
45.552
196.33
44.728
32.65
177.9
121.98
177.9
19.92
177.9
2.0754
196.33
1.6718
65.634
8.284
13.343
17.441
65.634
14.769
177.9
19.92
196.33
16.159
17.441
65.634
24.013
32.65
28.05
90.728
43.426
8.284
11.807
11.807
36.819
54.142
7.6155
16.159
30.222
24.013
30.222
177.9
135.58
82.667
47.008
32.65
13.343
10.602
10.602
13.343
121.98
2.0754
8.284
28.05
101
14.769
11.993
8.284
20.614
47.008
101
13.343
7.6155
54.142
13.343
11.807
17.441
19.92
7.6155
44.728
19.878
32.65
121.98
19.878
44.728
15.214
8.284
47.008
17.441
30.222
11.993
44.728
19.878
28.05
30.222
7.6155
14.769
54.142
64.272
65.634
16.159
20.614
54.142
121.98
16.159
16.159
14.769
121.98
10.602
82.667
8.284
1.6718
135.58
121.98
10.602
36.819
16.159
16.159
253.43
64.272
7.6155
36.819
90.728
16.159
253.43
54.142
65.634
90.728
19.878
47.008
24.013
121.98
135.58
43.426
82.667
47.008
32.65
121.98
28.05
121.98
1.6718
43.426
177.9
121.98
54.142
11.807
7.6155
65.634
16.159
64.272
64.272
15.214
45.552
36.819
64.272
20.614
16.159
47.008
101
20.614
15.214
11.807
101
2.0754
196.33
64.272
43.426
14.769
101
47.008
30.222
8.284
196.33
54.142
15.214
11.807
14.769
64.272
196.33
36.819
135.58
20.614
17.441
11.807
28.05
101
90.728
30.222
64.272
36.819
45.552
8.284
101
24.013
28.05
10.602
177.9
64.272
15.214
20.614
121.98
82.667
10.602
24.013
7.6155
17.441
54.142
64.272
43.426
177.9
32.65
19.92
20.614
253.43
44.728
11.807
196.33
54.142
7.6155
43.426
11.807
2.0754
11.993
90.728
7.6155
15.214
2.0754
54.142
1.6718
11.993
11.807
45.552
14.769
45.552
82.667
17.441
54.142
7.6155
36.819
13.343
65.634
30.222
17.441
24.013
19.878
19.92
7.6155
15.214
82.667
2.0754
43.426
32.65
101
8.284
2.0754
54.142
1.6718
32.65
28.05
82.667
43.426
20.614
11.807
121.98
11.993
82.667
101
2.0754
19.878
196.33
8.284
24.013
54.142
20.614
82.667
82.667
19.878
2.0754
36.819
196.33
65.634
10.602
1.6718
44.728
253.43
11.807
2.0754
65.634
54.142
82.667
14.769
30.222
17.441
121.98
19.92
101
64.272
44.728
16.159
24.013
44.728
253.43
82.667
253.43
30.222
43.426
82.667
64.272
24.013
44.728
65.634
82.667
30.222
45.552
8.284
54.142
7.6155
196.33
24.013
64.272
10.602
44.728
65.634
28.05
90.728
20.614
43.426
45.552
1.6718
43.426
196.33
17.441
47.008
2.0754
8.284
135.58
54.142
