1150
159.61
217.58
285.35
135.37
169.39
375.83
150.85
122.39
150.04
169.39
197.99
285.35
159.61
178.79
479.88
313.12
322.89
159.61
141.25
141.25
183.89
428.63
122.39
576.21
183.89
313.12
169.39
178.79
197.99
678.55
61.775
246.33
313.12
66.909
275.32
807.47
369.05
266.23
576.21
150.85
275.32
141.25
294.7
159.61
294.7
201.11
266.23
135.37
322.89
275.32
66.909
141.25
576.21
807.47
304.65
576.21
428.63
452.27
135.37
135.37
807.47
150.04
452.27
322.89
135.37
169.39
576.21
536.7
141.25
168.46
428.63
168.46
536.7
678.55
141.25
178.79
159.61
375.83
168.46
159.61
678.55
61.775
141.25
313.12
678.55
183.89
452.27
294.7
576.21
141.25
169.39
479.88
217.58
245.3
178.79
246.33
678.55
678.55
124.05
536.7
294.7
183.89
124.05
285.35
217.58
369.05
150.85
294.7
159.61
304.65
246.33
322.89
150.04
246.33
66.909
304.65
266.23
66.909
159.61
201.11
678.55
428.63
576.21
150.04
313.12
203.65
428.63
150.04
141.25
66.909
322.89
169.39
168.46
304.65
122.39
183.89
536.7
285.35
168.46
150.85
428.63
178.79
725.11
203.65
452.27
169.39
479.88
479.88
217.58
122.39
452.27
285.35
169.39
725.11
725.11
313.12
266.23
294.7
285.35
159.61
183.89
141.25
197.99
183.89
178.79
275.32
178.79
285.35
285.35
275.32
536.7
275.32
183.89
245.3
245.3
66.909
369.05
150.04
313.12
135.37
428.63
169.39
304.65
183.89
452.27
150.04
313.12
479.88
124.05
197.99
246.33
66.909
725.11
576.21
203.65
66.909
197.99
135.37
150.04
150.04
150.85
197.99
169.39
536.7
169.39
246.33
66.909
150.04
452.27
168.46
313.12
725.11
322.89
150.04
725.11
183.89
201.11
124.05
479.88
201.11
266.23
141.25
285.35
479.88
275.32
294.7
66.909
725.11
197.99
150.04
201.11
124.05
66.909
275.32
150.85
294.7
807.47
168.46
66.909
124.05
197.99
285.35
197.99
245.3
479.88
285.35
479.88
428.63
375.83
197.99
150.85
178.79
159.61
178.79
183.89
576.21
217.58
150.04
294.7
245.3
322.89
168.46
135.37
304.65
285.35
678.55
178.79
313.12
183.89
159.61
178.79
168.46
369.05
150.85
304.65
122.39
159.61
428.63
678.55
66.909
452.27
266.23
122.39
150.04
536.7
203.65
322.89
369.05
678.55
428.63
122.39
159.61
536.7
479.88
322.89
217.58
217.58
576.21
217.58
678.55
159.61
150.04
576.21
178.79
217.58
245.3
294.7
536.7
246.33
576.21
66.909
168.46
122.39
122.39
479.88
183.89
246.33
168.46
245.3
141.25
141.25
275.32
61.775
135.37
285.35
375.83
169.39
294.7
169.39
576.21
141.25
150.04
369.05
246.33
66.909
536.7
150.85
313.12
479.88
452.27
322.89
322.89
203.65
678.55
159.61
61.775
168.46
536.7
245.3
168.46
169.39
536.7
479.88
285.35
479.88
169.39
122.39
135.37
141.25
168.46
369.05
246.33
183.89
169.39
322.89
479.88
807.47
313.12
294.7
141.25
245.3
217.58
197.99
369.05
168.46
313.12
304.65
428.63
159.61
479.88
285.35
124.05
479.88
275.32
294.7
159.61
678.55
150.85
201.11
369.05
536.7
246.33
313.12
285.35
122.39
150.85
150.04
294.7
536.7
169.39
122.39
203.65
183.89
452.27
203.65
275.32
294.7
61.775
479.88
725.11
275.32
122.39
246.33
285.35
159.61
150.04
536.7
369.05
197.99
201.11
304.65
536.7
61.775
369.05
428.63
203.65
217.58
428.63
807.47
183.89
294.7
183.89
124.05
725.11
150.04
266.23
479.88
375.83
285.35
197.99
178.79
678.55
275.32
61.775
245.3
266.23
201.11
245.3
428.63
159.61
275.32
285.35
201.11
479.88
294.7
807.47
178.79
479.88
159.61
122.39
322.89
135.37
304.65
183.89
168.46
294.7
266.23
217.58
452.27
178.79
369.05
168.46
245.3
197.99
725.11
725.11
159.61
369.05
313.12
576.21
201.11
428.63
369.05
122.39
294.7
245.3
725.11
725.11
479.88
285.35
725.11
266.23
159.61
428.63
122.39
122.39
178.79
369.05
150.85
66.909
178.79
246.33
294.7
168.46
217.58
201.11
479.88
678.55
285.35
428.63
159.61
169.39
576.21
678.55
135.37
369.05
66.909
150.85
66.909
122.39
807.47
322.89
479.88
725.11
678.55
294.7
285.35
246.33
178.79
479.88
135.37
159.61
576.21
479.88
479.88
452.27
217.58
217.58
61.775
168.46
266.23
245.3
246.33
452.27
807.47
203.65
428.63
150.85
678.55
135.37
135.37
322.89
313.12
178.79
135.37
678.55
313.12
61.775
285.35
66.909
245.3
203.65
294.7
725.11
536.7
203.65
201.11
246.33
169.39
725.11
678.55
122.39
369.05
313.12
141.25
169.39
304.65
203.65
313.12
141.25
150.85
135.37
150.04
141.25
217.58
452.27
122.39
294.7
536.7
178.79
135.37
725.11
428.63
245.3
159.61
266.23
536.7
369.05
369.05
428.63
197.99
203.65
178.79
178.79
197.99
169.39
275.32
369.05
428.63
183.89
725.11
678.55
201.11
150.85
183.89
576.21
197.99
322.89
245.3
201.11
375.83
201.11
304.65
576.21
245.3
294.7
479.88
576.21
678.55
375.83
304.65
169.39
275.32
168.46
124.05
807.47
183.89
197.99
150.85
266.23
369.05
178.79
197.99
150.04
678.55
266.23
313.12
135.37
266.23
294.7
141.25
369.05
178.79
124.05
369.05
169.39
275.32
304.65
124.05
576.21
197.99
266.23
197.99
576.21
141.25
159.61
169.39
322.89
169.39
135.37
369.05
285.35
61.775
266.23
135.37
66.909
369.05
313.12
576.21
452.27
246.33
304.65
725.11
168.46
369.05
536.7
536.7
61.775
61.775
375.83
150.85
304.65
197.99
452.27
150.85
322.89
304.65
375.83
479.88
197.99
245.3
428.63
479.88
61.775
150.85
135.37
169.39
159.61
150.85
201.11
201.11
678.55
322.89
245.3
201.11
122.39
66.909
275.32
178.79
275.32
678.55
266.23
536.7
304.65
122.39
369.05
285.35
479.88
294.7
150.85
576.21
285.35
322.89
375.83
313.12
576.21
61.775
159.61
294.7
375.83
294.7
322.89
66.909
135.37
201.11
183.89
678.55
369.05
322.89
124.05
178.79
275.32
217.58
536.7
313.12
246.33
322.89
159.61
322.89
183.89
217.58
122.39
159.61
294.7
275.32
141.25
159.61
275.32
159.61
203.65
678.55
66.909
135.37
275.32
536.7
285.35
61.775
452.27
266.23
536.7
169.39
725.11
178.79
61.775
203.65
576.21
246.33
313.12
479.88
375.83
576.21
678.55
313.12
294.7
203.65
135.37
369.05
725.11
150.85
135.37
304.65
725.11
150.85
725.11
178.79
479.88
266.23
275.32
375.83
245.3
217.58
183.89
168.46
285.35
159.61
141.25
61.775
479.88
150.85
169.39
168.46
266.23
150.85
135.37
201.11
678.55
61.775
369.05
678.55
203.65
61.775
122.39
678.55
124.05
246.33
150.04
285.35
285.35
61.775
275.32
285.35
369.05
168.46
285.35
576.21
375.83
169.39
246.33
375.83
313.12
168.46
197.99
725.11
266.23
201.11
124.05
61.775
245.3
725.11
428.63
536.7
150.04
197.99
169.39
245.3
678.55
275.32
576.21
61.775
322.89
135.37
246.33
479.88
725.11
66.909
313.12
168.46
217.58
141.25
168.46
150.04
124.05
217.58
169.39
141.25
203.65
725.11
141.25
576.21
178.79
576.21
124.05
150.85
122.39
178.79
245.3
150.04
807.47
536.7
285.35
304.65
313.12
313.12
178.79
369.05
169.39
452.27
285.35
159.61
150.04
369.05
197.99
479.88
479.88
294.7
313.12
246.33
428.63
66.909
178.79
203.65
178.79
217.58
66.909
576.21
285.35
141.25
150.85
246.33
678.55
183.89
678.55
369.05
536.7
135.37
725.11
135.37
183.89
217.58
304.65
66.909
266.23
369.05
169.39
135.37
807.47
285.35
375.83
304.65
141.25
141.25
201.11
807.47
245.3
141.25
246.33
304.65
169.39
203.65
294.7
807.47
135.37
159.61
150.04
61.775
217.58
203.65
246.33
217.58
150.04
197.99
678.55
285.35
135.37
678.55
203.65
168.46
428.63
452.27
150.85
178.79
124.05
285.35
203.65
203.65
452.27
375.83
183.89
135.37
122.39
245.3
169.39
135.37
183.89
369.05
576.21
576.21
201.11
266.23
246.33
725.11
479.88
266.23
61.775
678.55
725.11
245.3
275.32
725.11
197.99
246.33
275.32
452.27
183.89
369.05
725.11
178.79
169.39
201.11
201.11
678.55
375.83
168.46
217.58
61.775
536.7
313.12
203.65
150.85
576.21
245.3
61.775
168.46
197.99
203.65
313.12
452.27
266.23
178.79
150.04
135.37
725.11
322.89
266.23
150.85
217.58
178.79
294.7
322.89
197.99
322.89
285.35
266.23
135.37
141.25
322.89
141.25
304.65
201.11
197.99
159.61
678.55
725.11
201.11
285.35
203.65
178.79
124.05
266.23
576.21
159.61
678.55
178.79
168.46
66.909
452.27
203.65
203.65
807.47
375.83
275.32
536.7
428.63
124.05
725.11
61.775
201.11
159.61
275.32
169.39
428.63
313.12
266.23
124.05
285.35
294.7
322.89
168.46
135.37
275.32
285.35
178.79
203.65
576.21
246.33
275.32
266.23
576.21
246.33
576.21
61.775
203.65
183.89
285.35
122.39
294.7
479.88
576.21
178.79
369.05
313.12
141.25
452.27
275.32
159.61
479.88
313.12
375.83
375.83
807.47
159.61
150.04
304.65
313.12
183.89
135.37
576.21
159.61
275.32
807.47
168.46
479.88
168.46
201.11
304.65
246.33
304.65
203.65
369.05
201.11
