1150
65.634
36.819
177.9
135.58
2.0754
16.159
101
11.807
17.441
19.878
65.634
20.614
44.728
43.426
177.9
20.614
65.634
9.6962
2.0754
44.728
28.05
11.993
64.272
20.614
43.426
253.43
16.159
82.667
101
43.426
16.159
65.634
11.993
19.878
20.614
64.272
20.614
54.142
177.9
32.65
1.6718
7.6155
135.58
28.05
16.159
90.728
253.43
135.58
135.58
14.769
177.9
20.614
44.728
13.343
121.98
82.667
9.6962
2.0754
30.222
36.819
16.159
17.441
20.614
17.441
82.667
19.878
15.214
24.013
11.993
30.222
253.43
14.769
2.0754
19.92
17.441
2.0754
45.552
11.807
32.65
7.6155
43.426
10.602
32.65
11.807
13.343
253.43
65.634
11.993
15.214
10.602
14.769
11.993
90.728
9.6962
17.441
196.33
253.43
9.6962
177.9
10.602
64.272
24.013
43.426
11.807
253.43
10.602
177.9
45.552
20.614
1.6718
101
14.769
45.552
36.819
8.284
32.65
32.65
45.552
36.819
14.769
177.9
177.9
82.667
196.33
54.142
19.878
19.878
54.142
14.769
135.58
30.222
11.993
9.6962
177.9
28.05
196.33
19.92
47.008
43.426
7.6155
9.6962
14.769
8.284
14.769
82.667
16.159
196.33
36.819
9.6962
177.9
8.284
11.993
9.6962
44.728
13.343
7.6155
44.728
9.6962
11.993
54.142
196.33
121.98
10.602
19.92
2.0754
177.9
8.284
121.98
30.222
9.6962
64.272
1.6718
9.6962
47.008
19.878
7.6155
20.614
13.343
8.284
47.008
10.602
44.728
32.65
8.284
13.343
28.05
101
15.214
24.013
45.552
13.343
8.284
7.6155
32.65
253.43
45.552
177.9
196.33
10.602
11.993
11.993
9.6962
253.43
15.214
17.441
121.98
30.222
19.878
45.552
45.552
17.441
11.993
101
14.769
14.769
24.013
177.9
11.993
19.92
177.9
101
64.272
14.769
19.92
11.807
45.552
9.6962
43.426
54.142
253.43
90.728
19.878
28.05
135.58
121.98
30.222
177.9
30.222
65.634
19.92
64.272
253.43
9.6962
101
28.05
10.602
82.667
65.634
20.614
45.552
177.9
1.6718
47.008
1.6718
30.222
19.92
9.6962
10.602
135.58
30.222
32.65
54.142
32.65
36.819
43.426
64.272
20.614
90.728
47.008
17.441
17.441
64.272
10.602
65.634
1.6718
20.614
44.728
65.634
11.807
28.05
43.426
253.43
15.214
13.343
13.343
54.142
24.013
28.05
9.6962
7.6155
24.013
32.65
9.6962
90.728
11.807
8.284
47.008
8.284
1.6718
101
19.92
43.426
20.614
9.6962
2.0754
90.728
11.807
196.33
30.222
64.272
253.43
253.43
13.343
16.159
101
121.98
7.6155
44.728
196.33
54.142
17.441
10.602
196.33
16.159
24.013
121.98
2.0754
10.602
19.878
15.214
2.0754
32.65
44.728
24.013
28.05
177.9
64.272
43.426
54.142
19.878
43.426
11.993
19.92
54.142
16.159
15.214
36.819
30.222
28.05
82.667
32.65
7.6155
13.343
13.343
10.602
11.807
28.05
90.728
28.05
1.6718
135.58
2.0754
253.43
19.878
1.6718
10.602
1.6718
19.878
24.013
14.769
11.807
177.9
2.0754
7.6155
82.667
47.008
43.426
20.614
20.614
101
65.634
9.6962
1.6718
44.728
196.33
13.343
32.65
90.728
8.284
24.013
44.728
28.05
135.58
177.9
30.222
54.142
47.008
7.6155
24.013
19.878
11.993
28.05
82.667
36.819
90.728
11.993
44.728
13.343
8.284
65.634
16.159
10.602
28.05
36.819
32.65
11.807
54.142
65.634
19.92
10.602
2.0754
8.284
177.9
8.284
90.728
14.769
82.667
32.65
17.441
7.6155
90.728
90.728
121.98
121.98
28.05
17.441
253.43
82.667
32.65
14.769
10.602
177.9
19.878
177.9
11.993
253.43
28.05
253.43
2.0754
2.0754
101
10.602
253.43
1.6718
36.819
7.6155
253.43
17.441
196.33
101
14.769
19.92
2.0754
13.343
19.92
64.272
1.6718
13.343
19.878
64.272
253.43
47.008
65.634
24.013
45.552
82.667
36.819
253.43
177.9
24.013
64.272
54.142
9.6962
20.614
90.728
10.602
135.58
177.9
9.6962
64.272
24.013
253.43
65.634
196.33
47.008
45.552
45.552
54.142
45.552
196.33
16.159
196.33
64.272
101
30.222
17.441
19.92
101
36.819
196.33
9.6962
11.807
8.284
196.33
15.214
121.98
24.013
101
9.6962
1.6718
19.92
30.222
1.6718
253.43
30.222
82.667
16.159
8.284
90.728
47.008
1.6718
101
1.6718
32.65
19.92
10.602
20.614
121.98
177.9
11.807
121.98
7.6155
90.728
90.728
14.769
177.9
32.65
64.272
1.6718
44.728
11.807
24.013
32.65
90.728
14.769
64.272
24.013
20.614
32.65
14.769
177.9
24.013
19.92
177.9
20.614
20.614
90.728
253.43
15.214
177.9
121.98
54.142
19.92
15.214
20.614
9.6962
13.343
9.6962
20.614
11.807
54.142
44.728
7.6155
135.58
32.65
65.634
19.92
11.807
44.728
32.65
64.272
7.6155
7.6155
44.728
44.728
44.728
2.0754
47.008
177.9
16.159
20.614
28.05
8.284
196.33
44.728
45.552
36.819
19.878
135.58
54.142
65.634
45.552
36.819
121.98
14.769
1.6718
2.0754
44.728
65.634
17.441
2.0754
7.6155
101
15.214
32.65
44.728
30.222
7.6155
10.602
30.222
135.58
7.6155
11.993
65.634
28.05
8.284
54.142
101
17.441
135.58
8.284
253.43
47.008
19.878
121.98
14.769
44.728
8.284
24.013
13.343
11.807
16.159
28.05
16.159
1.6718
101
9.6962
82.667
28.05
101
19.878
7.6155
2.0754
19.878
44.728
32.65
7.6155
101
43.426
177.9
54.142
9.6962
17.441
32.65
36.819
1.6718
135.58
177.9
45.552
54.142
7.6155
24.013
36.819
28.05
47.008
32.65
32.65
10.602
17.441
36.819
177.9
32.65
253.43
196.33
14.769
44.728
135.58
43.426
19.878
135.58
14.769
135.58
10.602
64.272
90.728
65.634
19.92
65.634
11.807
20.614
44.728
90.728
64.272
10.602
43.426
90.728
28.05
90.728
15.214
14.769
65.634
253.43
30.222
32.65
24.013
121.98
54.142
8.284
9.6962
45.552
24.013
44.728
54.142
13.343
36.819
19.878
11.993
10.602
54.142
177.9
1.6718
8.284
64.272
11.993
177.9
19.92
43.426
65.634
13.343
28.05
121.98
14.769
45.552
253.43
121.98
54.142
65.634
20.614
17.441
24.013
101
11.993
135.58
16.159
2.0754
177.9
36.819
9.6962
28.05
24.013
28.05
36.819
28.05
17.441
15.214
101
64.272
101
17.441
196.33
17.441
1.6718
64.272
1.6718
10.602
47.008
54.142
10.602
13.343
28.05
65.634
11.807
64.272
36.819
13.343
19.92
135.58
19.878
121.98
54.142
43.426
101
30.222
253.43
90.728
45.552
135.58
30.222
20.614
196.33
177.9
65.634
45.552
11.807
28.05
101
11.807
2.0754
36.819
36.819
20.614
13.343
20.614
196.33
65.634
47.008
11.807
8.284
10.602
36.819
10.602
15.214
101
2.0754
24.013
43.426
101
90.728
65.634
121.98
2.0754
11.807
13.343
54.142
28.05
65.634
30.222
2.0754
24.013
135.58
54.142
20.614
10.602
14.769
90.728
1.6718
11.993
15.214
2.0754
15.214
9.6962
90.728
65.634
30.222
54.142
32.65
9.6962
45.552
8.284
1.6718
82.667
44.728
65.634
16.159
10.602
82.667
135.58
8.284
36.819
20.614
47.008
101
7.6155
11.807
28.05
121.98
24.013
82.667
15.214
11.807
196.33
65.634
47.008
90.728
1.6718
47.008
32.65
19.878
253.43
11.807
196.33
253.43
82.667
11.993
9.6962
47.008
1.6718
8.284
24.013
82.667
9.6962
101
10.602
1.6718
43.426
90.728
36.819
32.65
121.98
19.878
2.0754
47.008
2.0754
7.6155
121.98
90.728
43.426
24.013
17.441
13.343
8.284
65.634
177.9
135.58
24.013
11.993
16.159
20.614
121.98
32.65
2.0754
8.284
17.441
28.05
101
32.65
135.58
44.728
177.9
17.441
47.008
15.214
8.284
2.0754
177.9
14.769
15.214
17.441
64.272
9.6962
1.6718
54.142
36.819
45.552
82.667
8.284
121.98
11.807
45.552
121.98
19.878
253.43
90.728
43.426
13.343
13.343
64.272
19.878
44.728
20.614
2.0754
16.159
43.426
196.33
47.008
9.6962
24.013
8.284
43.426
11.993
19.92
135.58
19.878
11.807
19.878
1.6718
64.272
20.614
64.272
32.65
64.272
253.43
32.65
32.65
90.728
44.728
82.667
64.272
82.667
20.614
20.614
65.634
32.65
19.878
82.667
14.769
101
11.807
82.667
30.222
24.013
10.602
65.634
54.142
90.728
177.9
43.426
15.214
19.92
11.993
82.667
196.33
8.284
65.634
43.426
8.284
121.98
14.769
32.65
54.142
82.667
121.98
196.33
11.993
45.552
10.602
1.6718
11.807
253.43
65.634
196.33
45.552
20.614
8.284
43.426
36.819
30.222
7.6155
13.343
30.222
19.92
82.667
14.769
54.142
10.602
19.878
196.33
135.58
43.426
65.634
8.284
253.43
44.728
19.92
43.426
121.98
30.222
24.013
10.602
54.142
135.58
43.426
9.6962
14.769
196.33
30.222
196.33
14.769
2.0754
54.142
30.222
11.993
11.807
30.222
30.222
10.602
8.284
32.65
11.993
19.878
101
32.65
177.9
64.272
45.552
30.222
54.142
30.222
19.92
43.426
64.272
14.769
36.819
65.634
14.769
30.222
82.667
44.728
28.05
177.9
135.58
177.9
1.6718
9.6962
135.58
45.552
24.013
90.728
30.222
13.343
135.58
47.008
196.33
30.222
36.819
8.284
11.993
32.65
19.92
32.65
8.284
121.98
90.728
20.614
90.728
36.819
20.614
36.819
10.602
2.0754
