1150
384.31
568
198.84
351.15
501.59
277.18
997.42
107.08
226
263.43
161.96
568
32.179
198.84
299.86
299.86
384.31
138.29
198.84
853.77
263.43
203.83
172.43
181.78
853.77
997.42
128.05
299.86
32.179
428.4
428.4
181.78
181.78
128.05
199.13
428.4
531.47
120.07
181.78
263.43
198.84
226
107.08
161.96
161.96
32.179
32.179
128.05
100.67
100.67
803.97
680.9
120.07
107.08
250.72
165.35
340.11
853.77
32.179
568
128.05
226
997.42
501.59
501.59
340.11
150.81
568
680.9
107.08
351.15
37.797
638.1
203.83
340.11
150.81
150.81
150.81
531.47
853.77
172.43
531.47
37.797
263.43
128.05
568
250.72
333.71
150.81
165.35
263.43
161.96
199.13
853.77
161.96
803.97
351.15
37.797
344.13
853.77
150.81
853.77
226
434.1
803.97
100.67
165.35
100.67
384.31
803.97
100.67
428.4
107.08
199.13
138.29
853.77
139.84
344.13
138.29
853.77
384.31
853.77
165.35
531.47
181.78
428.4
139.84
434.1
32.179
120.07
344.13
107.08
263.43
37.797
638.1
428.4
638.1
139.84
139.84
150.81
128.05
107.08
107.08
680.9
161.96
250.72
263.43
344.13
107.08
277.18
997.42
638.1
344.13
100.67
172.43
107.08
100.67
333.71
277.18
100.67
32.179
340.11
120.07
340.11
803.97
531.47
107.08
165.35
128.05
384.31
165.35
434.1
165.35
853.77
531.47
351.15
351.15
172.43
181.78
638.1
128.05
128.05
680.9
107.08
32.179
263.43
351.15
351.15
501.59
299.86
181.78
428.4
340.11
150.81
351.15
501.59
32.179
199.13
803.97
384.31
161.96
803.97
181.78
128.05
277.18
250.72
250.72
181.78
263.43
138.29
198.84
120.07
250.72
198.84
161.96
181.78
107.08
128.05
181.78
263.43
263.43
384.31
803.97
434.1
299.86
351.15
501.59
128.05
203.83
351.15
37.797
107.08
172.43
226
638.1
139.84
100.67
32.179
853.77
198.84
107.08
100.67
139.84
568
139.84
100.67
340.11
434.1
351.15
138.29
181.78
384.31
680.9
120.07
226
997.42
299.86
263.43
250.72
250.72
344.13
250.72
138.29
128.05
853.77
161.96
638.1
568
172.43
172.43
139.84
198.84
384.31
333.71
181.78
853.77
434.1
138.29
199.13
568
853.77
150.81
150.81
198.84
226
501.59
120.07
181.78
37.797
428.4
100.67
181.78
997.42
263.43
351.15
299.86
428.4
128.05
32.179
531.47
128.05
165.35
120.07
997.42
181.78
172.43
384.31
263.43
120.07
333.71
128.05
198.84
138.29
138.29
226
226
198.84
568
853.77
199.13
172.43
531.47
263.43
37.797
128.05
853.77
139.84
299.86
100.67
203.83
803.97
434.1
351.15
853.77
501.59
803.97
107.08
277.18
37.797
299.86
501.59
853.77
428.4
150.81
161.96
853.77
263.43
120.07
199.13
568
428.4
120.07
250.72
120.07
37.797
138.29
250.72
997.42
37.797
501.59
344.13
531.47
165.35
139.84
434.1
128.05
165.35
263.43
428.4
997.42
263.43
299.86
531.47
434.1
340.11
32.179
100.67
568
150.81
138.29
198.84
638.1
198.84
139.84
531.47
351.15
434.1
434.1
139.84
100.67
37.797
165.35
199.13
161.96
161.96
434.1
344.13
263.43
165.35
226
340.11
199.13
161.96
120.07
428.4
340.11
340.11
138.29
638.1
120.07
100.67
107.08
428.4
680.9
107.08
384.31
340.11
107.08
384.31
997.42
181.78
384.31
150.81
638.1
100.67
853.77
138.29
250.72
428.4
165.35
277.18
203.83
638.1
161.96
161.96
853.77
263.43
150.81
198.84
226
434.1
997.42
138.29
340.11
997.42
501.59
299.86
138.29
434.1
384.31
161.96
531.47
263.43
226
299.86
351.15
139.84
32.179
531.47
250.72
120.07
199.13
263.43
803.97
172.43
161.96
100.67
150.81
501.59
299.86
181.78
37.797
501.59
803.97
638.1
139.84
161.96
428.4
199.13
37.797
139.84
299.86
203.83
37.797
277.18
333.71
181.78
161.96
277.18
501.59
32.179
203.83
138.29
139.84
277.18
250.72
100.67
37.797
351.15
250.72
531.47
333.71
277.18
107.08
107.08
32.179
32.179
198.84
250.72
161.96
100.67
434.1
226
226
434.1
198.84
568
198.84
434.1
803.97
165.35
340.11
32.179
161.96
333.71
250.72
428.4
226
120.07
853.77
277.18
333.71
531.47
32.179
37.797
344.13
198.84
226
139.84
997.42
199.13
32.179
428.4
165.35
250.72
351.15
120.07
803.97
226
250.72
299.86
344.13
203.83
997.42
139.84
226
181.78
165.35
340.11
150.81
333.71
428.4
203.83
120.07
128.05
428.4
139.84
997.42
199.13
299.86
150.81
333.71
263.43
531.47
803.97
226
37.797
333.71
150.81
100.67
172.43
198.84
501.59
680.9
139.84
250.72
150.81
299.86
263.43
100.67
37.797
263.43
384.31
165.35
853.77
277.18
340.11
120.07
165.35
181.78
181.78
997.42
128.05
172.43
997.42
428.4
181.78
203.83
199.13
203.83
428.4
120.07
139.84
344.13
501.59
568
997.42
120.07
333.71
997.42
37.797
803.97
128.05
172.43
199.13
853.77
139.84
203.83
107.08
344.13
434.1
340.11
250.72
997.42
568
344.13
181.78
203.83
37.797
198.84
161.96
250.72
32.179
344.13
250.72
161.96
107.08
172.43
203.83
351.15
853.77
299.86
568
107.08
351.15
172.43
333.71
299.86
100.67
344.13
853.77
250.72
139.84
428.4
161.96
428.4
531.47
165.35
299.86
344.13
198.84
139.84
531.47
161.96
138.29
568
150.81
199.13
680.9
120.07
299.86
501.59
568
37.797
803.97
203.83
203.83
340.11
263.43
680.9
340.11
384.31
32.179
250.72
501.59
172.43
150.81
138.29
203.83
263.43
172.43
172.43
128.05
37.797
165.35
120.07
203.83
198.84
181.78
351.15
150.81
384.31
428.4
165.35
37.797
997.42
568
853.77
198.84
128.05
299.86
150.81
501.59
37.797
263.43
997.42
531.47
138.29
263.43
199.13
531.47
107.08
128.05
299.86
181.78
351.15
344.13
199.13
501.59
199.13
107.08
138.29
531.47
384.31
531.47
128.05
165.35
344.13
428.4
351.15
997.42
32.179
384.31
250.72
198.84
853.77
32.179
32.179
333.71
165.35
428.4
37.797
351.15
638.1
161.96
128.05
277.18
37.797
531.47
803.97
428.4
250.72
199.13
172.43
853.77
128.05
198.84
250.72
138.29
853.77
568
501.59
250.72
172.43
199.13
138.29
172.43
340.11
32.179
199.13
803.97
181.78
138.29
501.59
384.31
434.1
340.11
277.18
501.59
226
198.84
803.97
198.84
803.97
997.42
138.29
263.43
277.18
568
172.43
172.43
351.15
120.07
531.47
853.77
638.1
997.42
997.42
128.05
344.13
428.4
100.67
428.4
128.05
531.47
803.97
100.67
997.42
680.9
638.1
138.29
997.42
384.31
128.05
277.18
384.31
428.4
120.07
299.86
344.13
277.18
853.77
263.43
531.47
198.84
138.29
434.1
299.86
531.47
139.84
32.179
434.1
501.59
226
198.84
120.07
37.797
172.43
198.84
203.83
803.97
107.08
138.29
803.97
333.71
203.83
568
680.9
32.179
428.4
263.43
120.07
199.13
263.43
568
172.43
161.96
107.08
37.797
997.42
161.96
250.72
198.84
226
203.83
997.42
263.43
139.84
531.47
340.11
853.77
37.797
277.18
997.42
803.97
997.42
226
803.97
277.18
333.71
803.97
226
161.96
203.83
853.77
128.05
351.15
568
638.1
853.77
340.11
138.29
199.13
344.13
263.43
172.43
263.43
128.05
803.97
568
351.15
120.07
384.31
181.78
351.15
198.84
680.9
203.83
680.9
100.67
120.07
428.4
107.08
139.84
501.59
853.77
853.77
428.4
198.84
150.81
803.97
203.83
299.86
107.08
139.84
107.08
384.31
198.84
37.797
198.84
803.97
139.84
434.1
340.11
161.96
340.11
226
181.78
344.13
226
351.15
107.08
568
139.84
638.1
37.797
568
128.05
531.47
531.47
853.77
638.1
997.42
32.179
531.47
165.35
340.11
172.43
165.35
803.97
107.08
120.07
181.78
32.179
501.59
340.11
434.1
340.11
100.67
37.797
128.05
32.179
531.47
198.84
997.42
434.1
199.13
263.43
100.67
434.1
226
803.97
351.15
344.13
172.43
680.9
501.59
853.77
333.71
428.4
434.1
128.05
250.72
150.81
803.97
250.72
997.42
37.797
263.43
997.42
384.31
340.11
351.15
568
351.15
198.84
384.31
199.13
853.77
139.84
181.78
434.1
37.797
139.84
120.07
150.81
568
139.84
165.35
107.08
501.59
638.1
199.13
997.42
150.81
638.1
277.18
263.43
181.78
138.29
120.07
384.31
803.97
139.84
351.15
226
680.9
161.96
428.4
997.42
853.77
128.05
333.71
198.84
226
428.4
384.31
680.9
181.78
181.78
428.4
568
299.86
428.4
150.81
120.07
680.9
531.47
32.179
199.13
198.84
199.13
198.84
128.05
250.72
138.29
198.84
344.13
434.1
501.59
340.11
680.9
203.83
107.08
384.31
384.31
203.83
198.84
128.05
853.77
199.13
344.13
333.71
351.15
531.47
198.84
263.43
997.42
333.71
199.13
37.797
198.84
501.59
172.43
198.84
428.4
250.72
853.77
128.05
428.4
226
172.43
803.97
107.08
203.83
680.9
37.797
299.86
263.43
198.84
428.4
199.13
198.84
128.05
37.797
333.71
161.96
161.96
161.96
120.07
997.42
165.35
107.08
165.35
250.72
198.84
853.77
299.86
150.81
107.08
