1150
17.441
7.6155
54.142
20.614
28.05
19.92
30.222
65.634
101
28.05
101
1.6718
19.878
177.9
65.634
196.33
82.667
36.819
64.272
19.92
32.65
8.284
36.819
44.728
32.65
13.343
17.441
43.426
15.214
8.284
14.769
177.9
1.6718
82.667
16.159
90.728
82.667
135.58
20.614
82.667
90.728
9.6962
44.728
101
16.159
8.284
101
8.284
19.878
19.92
28.05
10.602
19.878
90.728
11.993
135.58
47.008
9.6962
24.013
20.614
32.65
101
10.602
20.614
13.343
45.552
11.807
10.602
45.552
1.6718
196.33
45.552
253.43
13.343
16.159
47.008
45.552
54.142
13.343
13.343
135.58
8.284
101
10.602
121.98
17.441
24.013
43.426
11.993
13.343
196.33
8.284
13.343
101
177.9
101
28.05
45.552
36.819
135.58
10.602
32.65
65.634
10.602
9.6962
253.43
32.65
13.343
196.33
20.614
196.33
10.602
13.343
45.552
135.58
54.142
196.33
9.6962
101
65.634
47.008
82.667
14.769
32.65
17.441
28.05
20.614
47.008
121.98
11.993
11.993
121.98
36.819
7.6155
24.013
90.728
32.65
17.441
24.013
16.159
253.43
90.728
30.222
8.284
19.878
44.728
47.008
9.6962
19.92
13.343
7.6155
121.98
135.58
135.58
196.33
8.284
9.6962
10.602
196.33
9.6962
43.426
19.92
17.441
121.98
36.819
9.6962
32.65
11.993
101
28.05
11.807
9.6962
44.728
7.6155
1.6718
19.92
10.602
121.98
24.013
45.552
2.0754
30.222
10.602
253.43
13.343
36.819
11.807
47.008
8.284
64.272
64.272
82.667
19.878
36.819
121.98
24.013
16.159
20.614
90.728
196.33
54.142
9.6962
1.6718
8.284
24.013
135.58
43.426
2.0754
177.9
65.634
20.614
11.993
10.602
101
47.008
28.05
64.272
2.0754
135.58
82.667
32.65
135.58
32.65
54.142
90.728
54.142
1.6718
45.552
1.6718
11.993
11.993
36.819
2.0754
15.214
1.6718
196.33
20.614
14.769
1.6718
65.634
11.807
44.728
54.142
10.602
9.6962
196.33
14.769
8.284
30.222
7.6155
65.634
16.159
16.159
19.878
11.807
15.214
11.993
82.667
14.769
30.222
135.58
36.819
121.98
11.993
11.807
7.6155
30.222
36.819
135.58
19.878
177.9
11.993
65.634
11.807
16.159
196.33
135.58
121.98
17.441
8.284
30.222
8.284
135.58
45.552
36.819
20.614
11.807
30.222
19.92
28.05
32.65
19.878
7.6155
44.728
24.013
19.92
13.343
24.013
15.214
8.284
2.0754
30.222
17.441
14.769
19.92
36.819
1.6718
82.667
28.05
121.98
44.728
2.0754
44.728
177.9
14.769
20.614
135.58
121.98
43.426
24.013
36.819
2.0754
65.634
253.43
2.0754
14.769
19.92
8.284
196.33
30.222
36.819
65.634
121.98
16.159
30.222
135.58
45.552
196.33
32.65
36.819
14.769
44.728
44.728
28.05
19.878
24.013
7.6155
43.426
8.284
47.008
11.807
54.142
32.65
19.878
16.159
45.552
9.6962
177.9
15.214
13.343
90.728
253.43
44.728
14.769
10.602
20.614
1.6718
64.272
253.43
30.222
8.284
45.552
19.878
121.98
19.878
24.013
15.214
15.214
101
24.013
101
90.728
16.159
253.43
54.142
44.728
44.728
9.6962
82.667
1.6718
11.807
135.58
45.552
196.33
17.441
101
16.159
253.43
13.343
28.05
2.0754
15.214
13.343
7.6155
8.284
15.214
8.284
15.214
11.807
7.6155
65.634
19.878
101
13.343
121.98
82.667
54.142
65.634
101
2.0754
14.769
121.98
1.6718
54.142
43.426
24.013
177.9
28.05
253.43
8.284
101
24.013
65.634
11.993
1.6718
2.0754
11.807
9.6962
65.634
24.013
43.426
8.284
253.43
64.272
7.6155
13.343
7.6155
28.05
9.6962
16.159
14.769
54.142
45.552
15.214
101
7.6155
196.33
32.65
1.6718
45.552
24.013
10.602
64.272
43.426
54.142
8.284
19.878
47.008
9.6962
101
28.05
14.769
44.728
177.9
8.284
14.769
90.728
253.43
16.159
1.6718
45.552
14.769
9.6962
9.6962
28.05
16.159
16.159
11.993
65.634
19.92
28.05
54.142
2.0754
16.159
65.634
19.92
2.0754
101
2.0754
196.33
64.272
8.284
47.008
135.58
2.0754
64.272
121.98
20.614
135.58
121.98
20.614
45.552
14.769
47.008
43.426
32.65
19.92
82.667
28.05
16.159
11.807
196.33
1.6718
121.98
135.58
65.634
2.0754
28.05
19.92
177.9
11.807
45.552
9.6962
101
17.441
10.602
32.65
1.6718
1.6718
65.634
45.552
7.6155
2.0754
9.6962
19.878
45.552
20.614
19.878
45.552
8.284
64.272
47.008
177.9
19.878
47.008
90.728
82.667
1.6718
43.426
64.272
8.284
16.159
14.769
64.272
7.6155
43.426
90.728
7.6155
44.728
101
47.008
11.807
135.58
19.878
177.9
11.807
20.614
44.728
101
135.58
177.9
11.807
19.92
177.9
82.667
47.008
8.284
54.142
47.008
36.819
11.807
135.58
177.9
13.343
9.6962
17.441
54.142
13.343
45.552
2.0754
121.98
44.728
14.769
8.284
16.159
65.634
121.98
135.58
36.819
177.9
64.272
54.142
19.878
82.667
24.013
135.58
2.0754
20.614
44.728
17.441
7.6155
19.92
30.222
14.769
177.9
135.58
121.98
8.284
16.159
1.6718
10.602
19.92
28.05
24.013
30.222
135.58
45.552
10.602
17.441
82.667
16.159
65.634
177.9
135.58
44.728
44.728
101
54.142
90.728
19.878
9.6962
16.159
8.284
1.6718
135.58
2.0754
177.9
43.426
101
101
47.008
101
65.634
9.6962
54.142
30.222
45.552
121.98
10.602
65.634
253.43
36.819
30.222
54.142
253.43
9.6962
44.728
64.272
45.552
121.98
54.142
121.98
82.667
30.222
1.6718
2.0754
10.602
15.214
16.159
135.58
17.441
11.993
9.6962
16.159
16.159
11.993
28.05
65.634
20.614
44.728
24.013
1.6718
19.92
44.728
90.728
9.6962
9.6962
45.552
13.343
15.214
28.05
14.769
24.013
17.441
24.013
8.284
13.343
13.343
20.614
82.667
1.6718
47.008
43.426
20.614
82.667
16.159
16.159
9.6962
9.6962
64.272
14.769
32.65
14.769
30.222
24.013
24.013
11.807
82.667
11.807
11.993
11.993
65.634
7.6155
9.6962
253.43
7.6155
17.441
8.284
19.92
64.272
121.98
19.878
24.013
2.0754
11.807
47.008
44.728
82.667
45.552
11.807
44.728
43.426
121.98
19.92
32.65
14.769
24.013
11.807
20.614
28.05
135.58
65.634
43.426
32.65
135.58
7.6155
177.9
9.6962
82.667
14.769
19.92
20.614
65.634
17.441
43.426
196.33
17.441
2.0754
20.614
101
1.6718
11.993
8.284
8.284
196.33
64.272
28.05
32.65
101
7.6155
47.008
64.272
44.728
9.6962
24.013
253.43
2.0754
177.9
2.0754
82.667
9.6962
32.65
1.6718
54.142
101
1.6718
9.6962
19.92
177.9
44.728
45.552
196.33
19.878
7.6155
16.159
9.6962
44.728
11.807
65.634
7.6155
253.43
11.993
47.008
13.343
13.343
32.65
54.142
2.0754
82.667
54.142
2.0754
11.993
11.993
9.6962
121.98
11.807
15.214
47.008
65.634
10.602
82.667
44.728
177.9
32.65
17.441
65.634
19.878
47.008
19.92
65.634
9.6962
11.993
1.6718
44.728
90.728
121.98
135.58
135.58
54.142
11.993
44.728
253.43
17.441
15.214
135.58
45.552
28.05
101
10.602
11.993
135.58
47.008
44.728
10.602
253.43
11.807
14.769
11.807
10.602
7.6155
30.222
8.284
45.552
101
9.6962
253.43
1.6718
54.142
14.769
253.43
64.272
9.6962
2.0754
24.013
90.728
177.9
135.58
2.0754
11.807
13.343
90.728
32.65
177.9
196.33
1.6718
8.284
30.222
1.6718
30.222
82.667
14.769
253.43
43.426
19.878
13.343
24.013
13.343
20.614
30.222
28.05
121.98
82.667
28.05
44.728
196.33
19.878
19.92
11.993
196.33
253.43
253.43
7.6155
47.008
19.878
14.769
9.6962
9.6962
30.222
45.552
19.878
196.33
19.878
14.769
8.284
19.92
7.6155
16.159
9.6962
24.013
24.013
82.667
11.993
45.552
11.993
19.878
14.769
7.6155
11.993
13.343
135.58
90.728
2.0754
9.6962
90.728
43.426
44.728
101
121.98
24.013
17.441
196.33
19.878
11.993
13.343
135.58
82.667
43.426
13.343
8.284
32.65
45.552
65.634
64.272
20.614
44.728
19.878
121.98
30.222
54.142
20.614
43.426
135.58
196.33
101
177.9
15.214
47.008
2.0754
13.343
101
101
196.33
16.159
19.878
54.142
11.807
253.43
20.614
19.92
45.552
36.819
32.65
8.284
101
64.272
11.807
90.728
16.159
11.807
8.284
64.272
15.214
177.9
135.58
8.284
36.819
54.142
1.6718
10.602
196.33
196.33
121.98
45.552
10.602
101
24.013
17.441
43.426
16.159
44.728
32.65
1.6718
19.92
9.6962
19.92
47.008
196.33
65.634
135.58
15.214
253.43
20.614
28.05
45.552
7.6155
90.728
7.6155
1.6718
20.614
7.6155
14.769
19.92
45.552
8.284
45.552
32.65
13.343
82.667
30.222
2.0754
43.426
15.214
82.667
101
10.602
24.013
135.58
17.441
196.33
1.6718
43.426
7.6155
196.33
16.159
16.159
43.426
196.33
82.667
30.222
32.65
253.43
121.98
36.819
82.667
135.58
16.159
17.441
44.728
121.98
196.33
101
30.222
121.98
47.008
65.634
11.993
10.602
44.728
13.343
135.58
36.819
24.013
44.728
9.6962
43.426
14.769
1.6718
9.6962
8.284
45.552
15.214
13.343
177.9
19.92
44.728
253.43
13.343
64.272
65.634
54.142
47.008
20.614
7.6155
253.43
45.552
43.426
90.728
19.878
9.6962
121.98
