1150
2.0754
64.272
135.58
10.602
20.614
54.142
101
32.65
36.819
9.6962
15.214
16.159
2.0754
17.441
36.819
101
17.441
121.98
45.552
82.667
19.92
1.6718
13.343
253.43
135.58
28.05
90.728
30.222
196.33
20.614
2.0754
9.6962
121.98
54.142
121.98
28.05
17.441
64.272
28.05
65.634
121.98
9.6962
19.92
9.6962
17.441
2.0754
36.819
43.426
16.159
90.728
45.552
9.6962
19.878
8.284
19.878
15.214
2.0754
11.993
44.728
20.614
13.343
16.159
13.343
11.807
90.728
196.33
7.6155
19.92
28.05
36.819
13.343
44.728
16.159
17.441
16.159
15.214
11.993
32.65
14.769
177.9
11.807
1.6718
64.272
7.6155
36.819
9.6962
47.008
44.728
1.6718
8.284
196.33
64.272
253.43
36.819
13.343
2.0754
43.426
28.05
82.667
43.426
30.222
90.728
20.614
82.667
64.272
16.159
20.614
17.441
121.98
135.58
28.05
82.667
135.58
30.222
28.05
30.222
7.6155
177.9
13.343
82.667
24.013
1.6718
177.9
65.634
177.9
10.602
101
36.819
2.0754
19.92
44.728
11.807
196.33
19.92
121.98
43.426
14.769
121.98
32.65
1.6718
20.614
101
32.65
8.284
32.65
19.92
9.6962
121.98
45.552
177.9
177.9
13.343
24.013
19.878
47.008
135.58
44.728
28.05
64.272
121.98
19.92
10.602
17.441
101
17.441
121.98
1.6718
135.58
2.0754
44.728
44.728
8.284
47.008
135.58
43.426
28.05
16.159
54.142
16.159
36.819
9.6962
16.159
253.43
43.426
54.142
47.008
196.33
1.6718
19.92
82.667
47.008
19.92
19.878
196.33
28.05
13.343
177.9
196.33
1.6718
15.214
44.728
20.614
20.614
15.214
8.284
196.33
43.426
7.6155
101
135.58
9.6962
19.92
44.728
16.159
47.008
253.43
13.343
16.159
8.284
11.807
82.667
9.6962
20.614
90.728
7.6155
24.013
36.819
196.33
7.6155
24.013
36.819
90.728
24.013
82.667
121.98
2.0754
2.0754
65.634
9.6962
11.807
2.0754
7.6155
11.993
7.6155
8.284
54.142
8.284
65.634
45.552
13.343
14.769
32.65
45.552
64.272
196.33
101
11.993
9.6962
54.142
64.272
8.284
90.728
44.728
24.013
19.878
135.58
64.272
177.9
65.634
64.272
10.602
54.142
121.98
8.284
45.552
19.92
47.008
64.272
45.552
47.008
10.602
1.6718
82.667
64.272
196.33
45.552
19.878
82.667
32.65
20.614
15.214
11.993
43.426
32.65
196.33
14.769
44.728
44.728
9.6962
15.214
24.013
8.284
47.008
11.993
36.819
47.008
20.614
13.343
8.284
19.878
135.58
121.98
253.43
15.214
7.6155
16.159
121.98
17.441
15.214
135.58
47.008
1.6718
14.769
44.728
196.33
36.819
36.819
28.05
47.008
54.142
36.819
36.819
19.92
10.602
65.634
82.667
30.222
9.6962
30.222
64.272
19.878
101
15.214
8.284
43.426
44.728
135.58
43.426
43.426
54.142
64.272
253.43
32.65
15.214
253.43
28.05
65.634
64.272
17.441
8.284
47.008
11.807
43.426
43.426
11.993
64.272
20.614
10.602
196.33
43.426
44.728
7.6155
2.0754
16.159
36.819
24.013
65.634
28.05
11.807
54.142
11.993
1.6718
13.343
17.441
7.6155
253.43
36.819
32.65
43.426
47.008
19.878
19.878
15.214
253.43
30.222
11.993
7.6155
17.441
9.6962
45.552
10.602
36.819
15.214
11.807
44.728
17.441
2.0754
19.92
36.819
17.441
101
43.426
15.214
1.6718
16.159
196.33
16.159
7.6155
2.0754
43.426
121.98
24.013
82.667
10.602
196.33
44.728
253.43
43.426
177.9
19.92
253.43
24.013
15.214
32.65
20.614
90.728
9.6962
9.6962
54.142
196.33
32.65
19.92
28.05
19.92
19.92
65.634
10.602
32.65
32.65
11.993
1.6718
9.6962
90.728
54.142
44.728
32.65
101
30.222
30.222
65.634
43.426
19.878
121.98
65.634
8.284
47.008
16.159
9.6962
15.214
32.65
10.602
101
32.65
19.878
16.159
177.9
135.58
20.614
45.552
11.993
32.65
135.58
10.602
196.33
32.65
2.0754
32.65
43.426
24.013
8.284
90.728
54.142
101
82.667
7.6155
9.6962
82.667
1.6718
9.6962
30.222
28.05
253.43
8.284
11.807
44.728
90.728
16.159
8.284
135.58
253.43
1.6718
32.65
177.9
7.6155
177.9
101
177.9
2.0754
20.614
36.819
47.008
7.6155
54.142
14.769
16.159
47.008
17.441
13.343
32.65
64.272
28.05
253.43
24.013
65.634
16.159
13.343
43.426
196.33
10.602
121.98
16.159
253.43
8.284
20.614
11.993
36.819
64.272
8.284
9.6962
7.6155
11.807
15.214
9.6962
82.667
45.552
47.008
47.008
54.142
121.98
90.728
15.214
44.728
19.878
20.614
19.878
36.819
30.222
54.142
43.426
16.159
13.343
82.667
196.33
36.819
8.284
2.0754
32.65
65.634
135.58
15.214
43.426
82.667
20.614
20.614
43.426
44.728
36.819
16.159
8.284
20.614
177.9
82.667
82.667
90.728
32.65
1.6718
196.33
28.05
28.05
43.426
64.272
14.769
28.05
9.6962
17.441
8.284
177.9
64.272
13.343
121.98
45.552
65.634
135.58
54.142
64.272
253.43
43.426
10.602
7.6155
2.0754
30.222
64.272
121.98
196.33
253.43
17.441
121.98
36.819
14.769
24.013
19.92
20.614
64.272
36.819
45.552
253.43
7.6155
13.343
47.008
9.6962
47.008
90.728
28.05
16.159
1.6718
36.819
43.426
28.05
65.634
45.552
13.343
82.667
16.159
44.728
19.878
196.33
54.142
177.9
7.6155
11.993
13.343
10.602
36.819
64.272
65.634
7.6155
14.769
2.0754
47.008
196.33
64.272
2.0754
16.159
253.43
11.807
9.6962
19.878
90.728
7.6155
64.272
253.43
8.284
9.6962
11.807
47.008
135.58
30.222
196.33
135.58
135.58
177.9
47.008
82.667
43.426
36.819
30.222
7.6155
253.43
20.614
30.222
14.769
17.441
9.6962
30.222
11.993
44.728
15.214
13.343
65.634
11.993
64.272
47.008
65.634
82.667
17.441
10.602
9.6962
43.426
15.214
9.6962
15.214
82.667
1.6718
2.0754
65.634
135.58
9.6962
9.6962
11.807
1.6718
32.65
253.43
90.728
30.222
17.441
135.58
24.013
101
44.728
24.013
177.9
90.728
1.6718
19.92
16.159
15.214
196.33
14.769
11.807
20.614
19.878
82.667
54.142
121.98
54.142
101
16.159
24.013
90.728
177.9
82.667
16.159
82.667
101
9.6962
121.98
1.6718
8.284
43.426
9.6962
43.426
8.284
16.159
43.426
9.6962
9.6962
177.9
15.214
54.142
1.6718
65.634
64.272
17.441
196.33
196.33
65.634
20.614
15.214
32.65
44.728
7.6155
28.05
9.6962
90.728
2.0754
82.667
90.728
15.214
44.728
17.441
121.98
11.993
43.426
43.426
1.6718
32.65
44.728
54.142
2.0754
253.43
11.807
135.58
30.222
8.284
253.43
47.008
28.05
36.819
36.819
19.878
90.728
15.214
20.614
196.33
32.65
45.552
19.92
7.6155
19.92
177.9
101
11.807
7.6155
1.6718
7.6155
121.98
45.552
47.008
15.214
177.9
101
135.58
47.008
90.728
28.05
135.58
8.284
24.013
1.6718
17.441
13.343
32.65
10.602
177.9
1.6718
121.98
135.58
15.214
135.58
90.728
15.214
14.769
90.728
7.6155
11.993
177.9
19.92
45.552
1.6718
45.552
14.769
43.426
2.0754
11.807
47.008
135.58
11.807
19.878
8.284
47.008
9.6962
14.769
196.33
64.272
8.284
19.92
13.343
17.441
17.441
135.58
14.769
253.43
20.614
13.343
16.159
14.769
13.343
82.667
2.0754
121.98
45.552
65.634
36.819
9.6962
1.6718
101
7.6155
11.807
1.6718
11.807
1.6718
54.142
30.222
177.9
101
8.284
28.05
8.284
28.05
82.667
13.343
135.58
9.6962
9.6962
43.426
10.602
2.0754
177.9
32.65
19.878
9.6962
17.441
30.222
17.441
90.728
30.222
121.98
8.284
1.6718
54.142
47.008
19.878
45.552
17.441
11.993
82.667
7.6155
28.05
101
2.0754
30.222
121.98
30.222
14.769
13.343
8.284
16.159
36.819
177.9
19.878
135.58
43.426
19.878
1.6718
9.6962
9.6962
11.807
13.343
65.634
196.33
8.284
65.634
16.159
7.6155
135.58
121.98
44.728
20.614
19.92
44.728
177.9
13.343
10.602
64.272
54.142
54.142
47.008
47.008
177.9
19.878
2.0754
14.769
82.667
101
2.0754
82.667
1.6718
15.214
47.008
8.284
82.667
28.05
65.634
16.159
101
20.614
65.634
16.159
17.441
82.667
13.343
24.013
90.728
32.65
2.0754
24.013
2.0754
101
17.441
2.0754
9.6962
90.728
45.552
20.614
16.159
30.222
65.634
24.013
15.214
101
11.807
121.98
10.602
135.58
24.013
135.58
9.6962
11.807
54.142
20.614
19.92
2.0754
101
19.878
8.284
19.878
11.807
64.272
196.33
177.9
20.614
32.65
11.807
90.728
28.05
15.214
177.9
135.58
11.993
43.426
64.272
253.43
121.98
44.728
13.343
196.33
8.284
65.634
253.43
24.013
19.878
196.33
82.667
14.769
44.728
43.426
1.6718
177.9
65.634
47.008
19.878
10.602
17.441
101
30.222
82.667
253.43
15.214
16.159
19.878
14.769
14.769
13.343
32.65
36.819
9.6962
13.343
24.013
45.552
101
7.6155
43.426
20.614
44.728
14.769
24.013
14.769
19.92
24.013
135.58
9.6962
13.343
30.222
196.33
44.728
24.013
54.142
15.214
16.159
14.769
17.441
64.272
253.43
253.43
82.667
44.728
47.008
101
45.552
101
7.6155
11.993
121.98
19.92
65.634
19.92
32.65
11.993
11.807
32.65
45.552
19.92
19.92
11.993
135.58
65.634
16.159
43.426
11.807
253.43
