1150
6.7896
32.024
5.0718
10.89
12.711
6.7896
9.9734
12.235
9.0302
5.4625
23.224
4.2716
3.5356
4.6527
8.9815
11.341
20.452
15.314
10.408
10.408
0.98732
14.979
11.823
11.823
4.2716
5.9229
4.6527
5.0718
20.452
35.644
6.7896
29.915
0.98732
6.9315
7.0474
11.341
3.5356
8.9815
10.408
8.9815
15.314
6.9315
25.125
11.341
15.314
15.314
4.6527
6.1516
11.823
6.7896
32.024
5.0718
5.4625
9.0302
11.823
19.092
7.0474
20.452
4.6884
3.5356
0.98732
6.1516
12.711
7.0474
3.5356
4.0186
14.979
10.408
5.5038
4.6527
9.9734
11.823
11.823
3.5356
5.0718
3.4655
7.6882
25.125
11.823
0.98732
14.979
15.314
5.9229
11.341
14.979
35.644
25.125
11.341
19.092
5.9229
7.0474
10.89
3.5356
10.408
7.0474
15.314
29.915
6.1516
15.314
12.711
0.98732
11.823
6.9315
35.644
7.6882
8.9815
9.0302
6.7896
5.5038
8.9815
6.1516
4.0186
29.915
0.98732
5.9229
10.89
29.915
19.092
10.89
4.6527
4.0186
11.823
35.644
5.4625
5.5038
12.711
7.0474
5.0718
14.979
12.711
0.98732
19.092
11.341
32.024
12.235
29.915
5.9229
17.925
10.89
19.092
11.823
23.224
32.024
11.823
4.0186
5.9229
32.024
25.125
0.98732
25.125
4.6884
0.98732
35.644
32.024
4.2716
0.98732
14.979
0.98732
12.235
32.024
3.4655
4.6527
6.7896
4.0186
23.224
23.224
9.0302
7.0474
0.98732
10.408
6.1516
9.0302
25.125
10.89
11.341
19.092
3.4655
9.0302
4.6527
35.644
11.823
3.4655
5.0718
3.4655
9.9734
4.6884
7.6882
20.452
4.6884
14.979
25.125
3.5356
17.925
4.0186
35.644
9.9734
9.0302
9.9734
29.915
4.2716
5.9229
0.98732
5.0718
3.4655
3.4655
12.235
12.711
17.925
12.711
1.1903
10.89
9.9734
3.4655
9.9734
11.341
12.235
11.341
6.1516
6.9315
7.6882
10.89
4.6527
3.5356
11.341
17.925
4.2716
1.1903
12.235
6.7896
12.711
5.4625
3.5356
5.4625
10.89
9.9734
3.5356
5.9229
4.6884
9.0302
11.341
25.125
6.1516
6.1516
5.4625
5.0718
11.823
5.4625
5.9229
14.979
0.98732
6.9315
6.7896
4.0186
15.314
4.6884
11.341
7.0474
3.4655
12.235
4.2716
3.5356
6.9315
3.4655
19.092
7.0474
25.125
10.89
4.2716
9.0302
8.9815
3.5356
35.644
9.0302
10.408
4.6527
1.1903
1.1903
5.9229
5.9229
11.341
12.711
5.4625
6.9315
20.452
14.979
8.9815
7.6882
5.9229
6.1516
5.5038
10.89
9.0302
8.9815
5.9229
1.1903
8.9815
1.1903
9.0302
5.0718
8.9815
3.4655
5.4625
6.7896
7.0474
5.9229
25.125
6.9315
1.1903
6.7896
5.9229
14.979
14.979
12.711
5.9229
5.5038
0.98732
10.408
3.4655
8.9815
11.341
35.644
10.89
8.9815
5.0718
29.915
4.6527
6.7896
4.0186
1.1903
7.0474
12.235
10.89
20.452
1.1903
4.2716
12.711
5.4625
32.024
4.6527
4.0186
6.1516
9.0302
5.9229
29.915
19.092
23.224
25.125
12.711
6.1516
14.979
10.89
11.823
5.9229
17.925
35.644
8.9815
5.0718
9.0302
15.314
3.4655
3.5356
6.7896
4.0186
6.1516
12.235
6.9315
7.6882
10.408
3.5356
6.9315
19.092
1.1903
3.5356
5.5038
15.314
15.314
29.915
12.711
15.314
7.0474
32.024
7.6882
12.235
17.925
7.0474
5.4625
4.0186
4.0186
4.0186
10.89
10.89
9.0302
3.4655
25.125
11.823
0.98732
17.925
10.89
14.979
19.092
25.125
4.6527
4.6884
10.408
23.224
32.024
1.1903
3.5356
11.823
35.644
10.408
25.125
10.408
19.092
10.408
11.823
7.0474
11.823
0.98732
11.341
8.9815
5.4625
23.224
6.1516
32.024
0.98732
9.9734
8.9815
3.5356
9.9734
1.1903
5.5038
5.5038
3.4655
11.823
1.1903
5.4625
5.9229
35.644
14.979
1.1903
5.4625
29.915
19.092
4.6527
12.711
8.9815
32.024
17.925
11.823
10.408
15.314
6.1516
14.979
6.7896
20.452
25.125
10.89
6.7896
5.4625
5.4625
14.979
5.9229
7.6882
25.125
11.341
1.1903
11.823
14.979
29.915
6.7896
4.0186
3.4655
29.915
7.6882
10.408
4.0186
6.7896
20.452
10.89
20.452
4.0186
23.224
1.1903
12.235
0.98732
17.925
25.125
8.9815
14.979
29.915
8.9815
20.452
7.6882
23.224
6.7896
12.711
14.979
8.9815
6.7896
10.89
11.823
9.9734
5.4625
11.341
29.915
10.89
5.0718
25.125
8.9815
19.092
5.5038
7.0474
7.6882
5.4625
8.9815
35.644
5.4625
14.979
12.235
4.0186
12.711
32.024
4.6884
3.4655
5.5038
12.711
14.979
35.644
6.9315
5.4625
6.7896
3.4655
6.9315
12.711
9.9734
6.9315
10.89
10.89
35.644
35.644
19.092
7.6882
9.9734
9.0302
4.6527
17.925
4.0186
5.5038
29.915
9.9734
25.125
8.9815
5.5038
11.823
6.1516
1.1903
3.5356
3.4655
10.408
15.314
29.915
8.9815
5.4625
11.823
17.925
32.024
3.5356
5.5038
5.9229
12.711
25.125
5.0718
29.915
5.0718
35.644
9.9734
7.6882
1.1903
32.024
7.0474
4.6884
7.0474
9.9734
7.0474
7.6882
4.2716
3.5356
29.915
7.0474
6.7896
5.9229
15.314
29.915
9.0302
4.6527
6.1516
0.98732
7.0474
5.9229
9.0302
8.9815
6.1516
19.092
19.092
11.341
5.4625
10.89
9.9734
9.9734
35.644
15.314
4.6884
3.5356
3.4655
4.2716
11.341
8.9815
14.979
23.224
11.823
4.6884
6.1516
4.6884
15.314
19.092
6.1516
35.644
6.7896
1.1903
11.823
5.0718
4.6884
15.314
10.89
14.979
3.4655
6.1516
5.9229
12.711
11.341
20.452
17.925
8.9815
6.1516
17.925
6.7896
23.224
4.6527
6.9315
9.0302
32.024
29.915
6.1516
20.452
35.644
35.644
15.314
10.408
3.5356
4.2716
9.0302
7.0474
5.9229
5.0718
5.0718
4.6527
9.9734
7.0474
4.6527
7.6882
5.4625
12.711
4.6527
9.9734
12.711
5.5038
7.0474
12.235
10.89
19.092
4.2716
10.408
29.915
0.98732
19.092
14.979
23.224
9.0302
4.6527
15.314
9.0302
7.0474
7.0474
10.89
5.9229
8.9815
17.925
9.9734
11.823
7.0474
35.644
14.979
17.925
6.7896
14.979
35.644
5.4625
17.925
5.4625
4.0186
7.0474
4.2716
20.452
9.0302
11.341
20.452
4.2716
9.9734
7.0474
19.092
7.6882
5.9229
17.925
11.823
29.915
19.092
23.224
7.0474
0.98732
11.823
8.9815
7.0474
15.314
5.9229
15.314
5.9229
19.092
25.125
3.5356
6.9315
9.0302
6.7896
7.0474
9.9734
5.9229
4.6884
5.4625
11.823
29.915
5.4625
7.0474
5.4625
6.1516
10.408
15.314
15.314
29.915
6.1516
19.092
10.408
19.092
11.823
20.452
1.1903
25.125
6.1516
4.6884
14.979
4.2716
5.4625
3.5356
12.235
15.314
3.4655
7.0474
11.823
6.9315
14.979
25.125
5.9229
6.7896
11.823
12.235
5.4625
15.314
35.644
12.711
7.0474
5.5038
20.452
7.0474
35.644
11.341
29.915
3.4655
19.092
6.9315
5.4625
3.4655
0.98732
32.024
4.0186
11.341
5.4625
10.89
5.9229
4.6884
11.341
17.925
6.7896
0.98732
6.9315
9.9734
12.235
12.711
11.823
4.6527
0.98732
6.9315
12.711
32.024
6.1516
25.125
8.9815
7.6882
10.408
32.024
5.4625
35.644
20.452
1.1903
4.2716
3.4655
10.89
19.092
10.408
4.6884
8.9815
10.408
5.0718
5.9229
8.9815
7.0474
3.5356
4.2716
5.4625
1.1903
8.9815
0.98732
11.341
3.4655
0.98732
32.024
11.823
35.644
6.7896
1.1903
11.823
12.235
23.224
6.1516
20.452
12.711
10.89
3.5356
6.1516
25.125
1.1903
1.1903
8.9815
32.024
6.7896
4.2716
9.9734
29.915
4.0186
35.644
5.4625
15.314
35.644
4.6527
10.89
5.0718
10.408
4.6884
12.711
6.9315
9.9734
8.9815
23.224
5.9229
20.452
29.915
5.4625
4.6884
35.644
12.711
5.9229
3.5356
7.0474
29.915
20.452
8.9815
5.9229
11.823
12.235
5.9229
7.6882
14.979
6.1516
10.89
10.89
6.9315
6.1516
11.341
12.711
12.235
5.9229
10.89
3.5356
25.125
5.9229
3.5356
4.0186
8.9815
35.644
4.6527
8.9815
6.7896
14.979
10.89
1.1903
19.092
17.925
11.823
3.5356
4.6527
4.6527
8.9815
14.979
14.979
9.9734
14.979
19.092
4.0186
4.0186
23.224
12.235
12.235
4.0186
1.1903
23.224
5.5038
10.89
12.711
12.235
23.224
29.915
5.0718
5.9229
20.452
12.235
15.314
4.2716
14.979
6.7896
23.224
5.5038
12.711
6.7896
7.0474
1.1903
4.6527
0.98732
14.979
5.0718
6.9315
17.925
5.0718
5.9229
17.925
1.1903
29.915
23.224
11.341
4.0186
7.0474
5.9229
29.915
9.9734
5.4625
7.0474
4.0186
5.9229
9.9734
17.925
5.5038
32.024
14.979
10.408
12.711
17.925
4.6884
11.341
20.452
20.452
5.0718
4.2716
11.341
35.644
32.024
4.6884
12.711
4.2716
4.6884
11.823
14.979
6.9315
12.235
12.235
6.1516
6.1516
3.4655
29.915
17.925
6.7896
6.9315
9.0302
20.452
15.314
7.0474
5.9229
3.5356
7.6882
25.125
0.98732
4.6884
3.4655
6.7896
1.1903
20.452
1.1903
4.6884
6.9315
6.1516
5.5038
19.092
4.6884
9.0302
7.6882
4.0186
9.0302
4.6527
14.979
29.915
7.0474
10.89
7.6882
4.0186
19.092
4.0186
3.4655
3.4655
4.0186
10.89
4.6884
7.0474
11.341
12.235
12.235
25.125
6.9315
35.644
4.2716
4.2716
12.235
9.9734
4.6884
6.9315
11.823
6.7896
35.644
3.4655
12.711
12.711
12.235
5.4625
5.5038
9.9734
32.024
9.9734
32.024
8.9815
4.6527
6.7896
6.1516
3.5356
4.0186
5.5038
4.6884
17.925
7.0474
7.0474
9.9734
5.5038
8.9815
23.224
17.925
14.979
7.0474
10.89
1.1903
32.024
6.1516
25.125
6.7896
20.452
8.9815
35.644
6.1516
17.925
20.452
7.6882
25.125
4.2716
4.6884
32.024
5.0718
25.125
23.224
11.823
9.0302
15.314
15.314
5.5038
7.0474
11.341
7.6882
35.644
9.0302
4.6884
3.5356
9.9734
15.314
35.644
25.125
23.224
35.644
6.7896
