1150
255.39
390.72
189.77
316.11
182.14
182.14
319.28
207.66
127.82
164.37
762.27
351.08
319.28
182.14
62.751
284.28
67.76
173.56
154
225.5
390.72
316.11
182.14
176.34
122.38
154
351.08
127.82
712.86
207.66
122.38
284.28
469.8
189.77
445.24
351.08
311.04
203.63
203.86
207.66
207.66
155.28
245.27
67.76
284.28
67.76
560.23
500.24
189.77
915.84
762.27
915.84
145.46
62.751
164.37
189.77
164.37
390.72
164.37
225.5
173.56
189.77
598.04
62.751
138.77
203.63
500.24
155.28
712.86
762.27
203.63
915.84
138.77
390.72
284.28
316.11
245.27
155.28
145.46
316.11
445.24
324.83
225.5
762.27
311.04
164.37
324.83
182.14
386.17
915.84
173.56
712.86
351.08
127.82
164.37
712.86
245.27
560.23
445.24
62.751
390.72
324.83
560.23
284.28
316.11
138.77
155.28
67.76
225.5
182.14
176.34
245.27
154
712.86
712.86
311.04
62.751
598.04
324.83
122.38
915.84
182.14
469.8
225.5
311.04
245.27
266.31
154
311.04
145.46
225.5
266.31
225.5
500.24
915.84
915.84
386.17
155.28
67.76
154
284.28
316.11
203.63
316.11
598.04
173.56
176.34
138.77
266.31
469.8
176.34
445.24
207.66
266.31
915.84
324.83
762.27
127.82
598.04
122.38
138.77
316.11
203.63
182.14
445.24
176.34
311.04
225.5
176.34
469.8
284.28
122.38
173.56
154
284.28
155.28
245.27
386.17
762.27
390.72
122.38
712.86
915.84
311.04
762.27
182.14
598.04
62.751
245.27
145.46
182.14
154
311.04
319.28
189.77
67.76
67.76
122.38
122.38
62.751
915.84
386.17
390.72
67.76
138.77
173.56
598.04
762.27
915.84
189.77
176.34
154
386.17
351.08
154
207.66
67.76
319.28
445.24
560.23
445.24
207.66
189.77
67.76
469.8
127.82
62.751
173.56
712.86
324.83
203.63
500.24
324.83
311.04
207.66
762.27
469.8
62.751
145.46
245.27
284.28
176.34
207.66
203.86
138.77
762.27
189.77
500.24
67.76
207.66
122.38
182.14
762.27
500.24
154
266.31
176.34
598.04
122.38
445.24
154
351.08
164.37
155.28
155.28
915.84
203.63
316.11
67.76
164.37
560.23
225.5
62.751
225.5
469.8
560.23
176.34
164.37
469.8
207.66
255.39
154
145.46
598.04
915.84
203.86
469.8
762.27
598.04
500.24
324.83
154
164.37
207.66
62.751
173.56
915.84
182.14
284.28
316.11
598.04
203.86
324.83
155.28
122.38
316.11
324.83
176.34
284.28
182.14
469.8
203.63
351.08
316.11
762.27
155.28
311.04
127.82
266.31
500.24
67.76
182.14
351.08
500.24
255.39
915.84
207.66
173.56
245.27
145.46
145.46
173.56
390.72
311.04
762.27
390.72
284.28
225.5
176.34
390.72
127.82
127.82
386.17
189.77
284.28
176.34
351.08
189.77
351.08
915.84
127.82
225.5
127.82
386.17
598.04
127.82
255.39
266.31
324.83
176.34
311.04
155.28
319.28
351.08
225.5
145.46
207.66
311.04
182.14
469.8
138.77
173.56
712.86
319.28
390.72
469.8
67.76
203.86
386.17
145.46
316.11
164.37
500.24
500.24
225.5
203.86
762.27
62.751
203.86
245.27
316.11
122.38
145.46
319.28
155.28
138.77
67.76
145.46
255.39
560.23
390.72
138.77
122.38
324.83
245.27
245.27
182.14
182.14
598.04
225.5
386.17
154
127.82
155.28
284.28
319.28
712.86
67.76
145.46
207.66
182.14
127.82
469.8
203.86
319.28
284.28
62.751
319.28
182.14
173.56
225.5
316.11
445.24
284.28
62.751
445.24
173.56
469.8
324.83
311.04
203.63
122.38
915.84
319.28
164.37
127.82
164.37
598.04
155.28
245.27
598.04
154
225.5
316.11
311.04
319.28
173.56
207.66
445.24
712.86
225.5
182.14
207.66
182.14
173.56
138.77
145.46
245.27
127.82
712.86
145.46
145.46
351.08
324.83
189.77
127.82
62.751
203.63
445.24
225.5
127.82
469.8
319.28
225.5
266.31
255.39
316.11
319.28
154
445.24
155.28
203.86
164.37
173.56
62.751
712.86
255.39
225.5
255.39
189.77
182.14
915.84
245.27
386.17
324.83
445.24
173.56
176.34
351.08
154
500.24
154
762.27
386.17
138.77
500.24
712.86
284.28
203.86
207.66
351.08
173.56
67.76
762.27
915.84
445.24
915.84
245.27
138.77
225.5
386.17
324.83
560.23
390.72
316.11
173.56
189.77
500.24
203.63
122.38
560.23
207.66
154
62.751
319.28
203.63
203.63
207.66
255.39
176.34
245.27
62.751
154
176.34
386.17
284.28
351.08
445.24
500.24
138.77
319.28
390.72
351.08
311.04
67.76
155.28
182.14
319.28
155.28
122.38
915.84
155.28
915.84
311.04
164.37
255.39
351.08
173.56
138.77
266.31
155.28
182.14
915.84
182.14
762.27
203.86
62.751
182.14
145.46
915.84
225.5
266.31
173.56
560.23
127.82
469.8
207.66
712.86
266.31
560.23
189.77
203.86
311.04
598.04
138.77
67.76
203.86
311.04
712.86
176.34
266.31
445.24
182.14
127.82
207.66
67.76
324.83
138.77
155.28
266.31
316.11
203.63
311.04
500.24
351.08
203.86
284.28
164.37
386.17
189.77
122.38
176.34
176.34
62.751
154
500.24
319.28
500.24
173.56
598.04
155.28
762.27
203.86
164.37
469.8
189.77
255.39
386.17
469.8
203.86
127.82
173.56
445.24
712.86
284.28
712.86
311.04
915.84
390.72
154
255.39
319.28
560.23
311.04
915.84
138.77
176.34
245.27
138.77
164.37
154
324.83
182.14
445.24
266.31
164.37
324.83
67.76
284.28
915.84
203.63
284.28
712.86
173.56
469.8
154
560.23
176.34
500.24
469.8
154
915.84
173.56
445.24
469.8
245.27
598.04
127.82
138.77
500.24
62.751
386.17
469.8
138.77
245.27
189.77
390.72
176.34
469.8
154
560.23
712.86
154
67.76
266.31
62.751
469.8
598.04
351.08
164.37
311.04
712.86
598.04
311.04
445.24
500.24
284.28
62.751
173.56
207.66
207.66
560.23
122.38
189.77
154
164.37
386.17
176.34
164.37
145.46
155.28
469.8
203.63
319.28
712.86
207.66
311.04
762.27
203.63
319.28
182.14
560.23
176.34
176.34
598.04
245.27
155.28
62.751
154
176.34
762.27
445.24
324.83
500.24
207.66
351.08
245.27
469.8
207.66
500.24
62.751
915.84
173.56
67.76
145.46
245.27
560.23
176.34
445.24
154
386.17
164.37
122.38
500.24
324.83
762.27
915.84
266.31
598.04
245.27
598.04
62.751
138.77
386.17
203.86
203.86
311.04
62.751
203.63
122.38
324.83
255.39
122.38
203.86
207.66
319.28
155.28
122.38
225.5
386.17
316.11
598.04
173.56
155.28
164.37
469.8
351.08
560.23
351.08
319.28
207.66
284.28
915.84
762.27
189.77
145.46
207.66
266.31
67.76
560.23
598.04
245.27
155.28
351.08
351.08
225.5
154
445.24
560.23
145.46
712.86
62.751
207.66
62.751
164.37
351.08
324.83
173.56
182.14
127.82
67.76
390.72
182.14
255.39
762.27
324.83
245.27
319.28
319.28
164.37
445.24
255.39
207.66
351.08
266.31
173.56
122.38
311.04
324.83
311.04
266.31
245.27
182.14
207.66
390.72
915.84
173.56
445.24
138.77
67.76
225.5
284.28
164.37
145.46
324.83
189.77
255.39
351.08
311.04
255.39
390.72
324.83
182.14
469.8
319.28
311.04
62.751
500.24
138.77
500.24
189.77
207.66
445.24
145.46
311.04
712.86
316.11
67.76
351.08
173.56
324.83
203.63
266.31
155.28
598.04
203.63
122.38
67.76
316.11
712.86
182.14
386.17
176.34
138.77
255.39
203.63
915.84
176.34
311.04
284.28
316.11
284.28
176.34
145.46
386.17
67.76
445.24
203.86
469.8
762.27
207.66
67.76
445.24
316.11
255.39
284.28
182.14
386.17
189.77
560.23
189.77
445.24
445.24
67.76
203.86
762.27
203.86
182.14
316.11
500.24
445.24
266.31
386.17
386.17
225.5
500.24
245.27
762.27
445.24
138.77
164.37
138.77
266.31
122.38
225.5
915.84
324.83
560.23
245.27
176.34
154
762.27
390.72
762.27
324.83
154
176.34
122.38
67.76
176.34
154
324.83
598.04
189.77
127.82
445.24
225.5
324.83
324.83
207.66
319.28
316.11
255.39
154
255.39
386.17
207.66
386.17
324.83
762.27
182.14
189.77
203.63
62.751
316.11
284.28
203.63
207.66
225.5
182.14
164.37
138.77
138.77
762.27
245.27
386.17
182.14
62.751
316.11
189.77
319.28
500.24
127.82
311.04
284.28
255.39
225.5
762.27
154
284.28
316.11
67.76
319.28
500.24
203.86
207.66
127.82
284.28
560.23
155.28
127.82
154
324.83
386.17
316.11
225.5
182.14
319.28
284.28
319.28
138.77
324.83
324.83
712.86
469.8
154
762.27
155.28
155.28
62.751
176.34
173.56
311.04
203.86
154
203.86
145.46
469.8
145.46
324.83
390.72
62.751
145.46
67.76
469.8
67.76
319.28
225.5
445.24
189.77
62.751
155.28
351.08
266.31
560.23
386.17
127.82
762.27
386.17
62.751
324.83
245.27
67.76
138.77
122.38
311.04
164.37
145.46
266.31
712.86
316.11
324.83
164.37
155.28
67.76
319.28
255.39
245.27
560.23
762.27
390.72
164.37
324.83
390.72
311.04
469.8
712.86
316.11
62.751
154
62.751
712.86
245.27
445.24
225.5
245.27
207.66
598.04
560.23
316.11
176.34
176.34
164.37
351.08
390.72
469.8
469.8
173.56
445.24
316.11
