1150
4.5198
29.393
6.7753
8.7711
17.143
10.142
17.143
4.1387
3.3287
4.5555
5.3669
6.636
29.393
5.3259
6.889
11.877
21.872
3.8851
4.1387
12.326
6.889
27.626
3.3287
11.031
17.143
0.80564
5.3259
11.031
23.53
3.3994
10.602
9.726
1.0143
23.53
6.7753
19.418
14.752
3.3994
6.636
8.7711
29.393
27.626
21.872
23.53
11.031
32.379
8.7711
4.1387
14.442
4.1387
7.5155
23.53
8.7711
6.636
14.442
14.442
4.1387
9.726
12.326
8.7711
17.143
6.636
8.7711
3.8851
14.442
6.7753
6.889
5.3259
6.889
21.872
11.488
29.393
10.142
0.80564
11.488
21.872
10.602
3.3994
6.0078
7.5155
14.442
3.3287
4.5555
7.5155
1.0143
6.636
27.626
3.3994
11.877
12.326
17.143
11.031
27.626
10.602
8.8182
6.636
4.9377
3.3287
23.53
6.7753
14.442
5.7819
27.626
14.752
3.3287
8.8182
4.5555
12.326
3.3287
3.3287
12.326
6.7753
4.9377
7.5155
3.3287
18.199
21.872
11.877
8.8182
3.8851
8.8182
11.031
5.3259
4.9377
11.877
14.442
1.0143
4.5555
14.442
21.872
23.53
6.636
11.031
8.7711
4.1387
11.488
9.726
7.5155
14.442
9.726
5.3259
29.393
11.877
6.889
14.752
11.031
11.031
12.326
17.143
3.3994
6.0078
3.3994
4.1387
9.726
10.602
3.8851
10.142
4.9377
10.142
11.031
17.143
19.418
8.8182
6.636
11.488
6.889
5.3259
11.877
11.877
14.752
5.7819
12.326
5.3259
5.7819
12.326
5.3259
14.752
8.8182
10.602
6.889
32.379
3.8851
4.5198
5.3669
4.9377
27.626
5.3259
5.3259
8.7711
6.889
4.9377
9.726
23.53
21.872
5.7819
21.872
6.889
12.326
29.393
11.488
1.0143
10.142
14.442
7.5155
8.8182
19.418
4.5198
4.9377
6.889
4.9377
19.418
5.7819
1.0143
4.5555
4.5198
27.626
11.031
9.726
32.379
17.143
5.7819
21.872
4.1387
5.3259
18.199
10.602
6.7753
5.3669
4.5555
8.7711
12.326
5.7819
6.636
18.199
7.5155
21.872
18.199
10.602
4.5555
17.143
12.326
14.442
6.636
4.5555
14.442
5.7819
3.3287
9.726
6.636
11.488
0.80564
4.5198
10.142
32.379
5.7819
14.442
10.602
32.379
10.142
21.872
6.7753
0.80564
11.877
1.0143
6.889
32.379
27.626
6.0078
6.636
32.379
23.53
3.3287
10.142
6.889
10.602
6.7753
0.80564
6.636
6.636
4.5555
0.80564
29.393
9.726
10.602
10.602
3.8851
10.142
10.602
29.393
10.602
4.5198
32.379
14.442
6.7753
6.636
3.3994
5.7819
14.442
1.0143
0.80564
1.0143
10.142
6.0078
29.393
32.379
4.9377
4.9377
5.3259
6.7753
5.3669
9.726
3.3994
4.9377
3.3287
0.80564
10.602
23.53
5.7819
5.3259
0.80564
6.889
14.442
4.5198
21.872
27.626
5.3669
4.1387
27.626
21.872
29.393
14.442
0.80564
11.031
17.143
5.7819
11.031
8.7711
11.031
7.5155
11.031
14.752
19.418
12.326
5.3669
17.143
14.752
6.636
6.7753
12.326
3.3994
3.8851
27.626
3.3287
6.7753
4.5198
3.3994
5.3259
4.5555
8.8182
6.636
5.7819
1.0143
9.726
7.5155
17.143
10.142
11.031
3.3287
18.199
3.3994
23.53
7.5155
12.326
11.031
14.752
9.726
11.877
7.5155
29.393
11.877
10.602
7.5155
12.326
5.7819
0.80564
27.626
3.3287
1.0143
17.143
27.626
8.7711
18.199
1.0143
19.418
10.602
6.0078
4.1387
9.726
8.8182
0.80564
6.7753
5.3669
8.7711
5.3259
5.7819
4.1387
6.889
4.1387
6.7753
6.889
6.636
12.326
0.80564
5.3259
9.726
5.3259
17.143
17.143
8.8182
10.142
3.3994
11.488
5.3259
19.418
8.8182
29.393
10.602
5.3259
14.442
11.031
6.7753
11.877
4.9377
4.1387
21.872
3.8851
27.626
7.5155
6.7753
1.0143
8.8182
3.3994
4.1387
6.7753
0.80564
4.5555
21.872
17.143
4.1387
0.80564
6.0078
10.142
18.199
11.031
7.5155
10.142
4.5198
8.8182
4.5555
6.636
1.0143
6.889
14.752
23.53
0.80564
10.142
32.379
8.7711
1.0143
8.8182
7.5155
3.3287
4.9377
10.142
8.8182
6.889
8.8182
4.9377
27.626
6.889
11.877
11.488
3.8851
3.3287
4.9377
11.877
11.488
23.53
14.752
6.889
11.488
1.0143
4.5198
12.326
4.1387
4.5198
23.53
11.877
32.379
7.5155
11.488
5.3259
11.031
14.442
12.326
3.3287
4.5555
14.752
17.143
6.0078
14.442
32.379
17.143
6.636
3.8851
14.752
14.442
14.442
29.393
11.877
6.0078
1.0143
10.142
9.726
18.199
8.7711
4.5555
19.418
11.877
14.752
6.636
12.326
21.872
18.199
8.7711
0.80564
29.393
12.326
14.752
5.7819
4.5198
11.488
11.877
19.418
6.0078
4.5555
32.379
4.5198
6.7753
6.636
11.031
3.8851
4.5198
9.726
3.3287
12.326
4.9377
9.726
3.8851
8.7711
6.0078
8.7711
8.7711
10.142
3.3287
4.5555
21.872
6.636
5.7819
9.726
3.3287
29.393
8.8182
27.626
10.142
4.9377
10.602
6.889
14.442
27.626
32.379
21.872
10.142
4.9377
6.0078
9.726
27.626
10.142
7.5155
5.3259
10.142
3.8851
18.199
8.7711
10.142
8.8182
8.7711
4.5555
4.1387
8.8182
21.872
7.5155
0.80564
18.199
11.031
29.393
32.379
6.636
14.442
4.5555
4.1387
5.3259
6.636
21.872
14.442
8.8182
14.752
10.142
17.143
6.889
6.636
4.1387
7.5155
7.5155
4.5198
23.53
6.636
6.889
4.9377
4.1387
14.442
10.602
3.3287
4.5555
29.393
17.143
18.199
18.199
12.326
1.0143
11.488
8.7711
23.53
8.8182
14.752
17.143
12.326
0.80564
5.7819
32.379
14.752
9.726
5.3669
4.5198
8.7711
4.1387
23.53
4.1387
4.1387
11.031
8.8182
6.7753
4.1387
1.0143
23.53
10.602
3.3287
7.5155
8.8182
17.143
19.418
21.872
8.8182
3.3287
6.889
18.199
27.626
32.379
10.142
6.0078
6.636
3.3287
5.7819
4.9377
18.199
5.3669
6.0078
32.379
4.9377
6.7753
4.9377
17.143
10.142
4.1387
21.872
5.3259
8.7711
23.53
0.80564
21.872
3.3994
6.636
5.7819
6.636
6.7753
6.889
5.3669
17.143
6.636
1.0143
23.53
12.326
3.3287
4.5198
7.5155
18.199
3.8851
23.53
11.488
11.877
9.726
4.1387
8.8182
17.143
10.602
1.0143
9.726
6.7753
10.142
4.1387
9.726
19.418
12.326
6.0078
6.636
18.199
27.626
3.3994
11.488
4.5555
23.53
6.889
12.326
4.5198
3.3994
5.7819
18.199
4.5555
21.872
8.7711
19.418
10.142
5.7819
5.3669
12.326
17.143
8.7711
17.143
5.3259
11.877
4.1387
19.418
3.3994
9.726
18.199
5.7819
8.8182
1.0143
3.3287
14.752
19.418
5.7819
14.752
8.8182
5.3259
12.326
19.418
4.9377
3.3287
6.636
7.5155
5.3669
6.889
29.393
4.1387
8.7711
5.3669
21.872
5.3669
7.5155
11.877
10.602
8.8182
4.1387
11.031
17.143
10.602
7.5155
8.8182
1.0143
8.8182
19.418
14.752
14.442
3.3287
29.393
4.5555
19.418
9.726
7.5155
11.031
27.626
32.379
32.379
18.199
19.418
11.877
17.143
4.1387
14.442
6.7753
10.602
8.7711
9.726
29.393
10.602
5.3259
3.3994
8.7711
19.418
29.393
1.0143
11.877
3.3287
0.80564
11.031
6.636
6.889
6.7753
32.379
9.726
3.3287
10.602
21.872
5.7819
23.53
4.5198
18.199
3.3287
6.889
32.379
3.8851
19.418
6.636
11.877
4.9377
3.8851
5.3669
10.142
21.872
7.5155
6.0078
5.3669
4.5555
6.7753
32.379
3.3287
29.393
11.031
14.752
5.3259
6.7753
6.889
10.602
8.7711
11.031
8.7711
29.393
14.752
8.7711
27.626
4.1387
6.0078
10.602
5.7819
17.143
8.8182
18.199
32.379
11.488
32.379
6.7753
11.877
6.889
9.726
6.7753
9.726
8.8182
4.5555
7.5155
5.3259
29.393
32.379
11.488
12.326
19.418
7.5155
11.488
5.3669
6.889
6.889
8.7711
17.143
8.8182
4.5198
0.80564
21.872
3.3287
6.7753
9.726
4.9377
7.5155
29.393
3.3287
11.488
6.0078
4.5198
27.626
5.3669
10.142
12.326
4.9377
6.0078
4.5555
11.488
9.726
17.143
6.636
7.5155
3.3287
5.3259
8.7711
32.379
0.80564
7.5155
21.872
19.418
10.602
19.418
3.3287
10.142
3.3287
27.626
6.636
5.7819
3.3287
19.418
10.142
6.889
8.8182
9.726
14.752
11.031
4.9377
29.393
5.3259
5.3259
5.3259
23.53
10.142
32.379
5.7819
6.0078
5.7819
27.626
19.418
6.636
14.442
9.726
4.5555
11.488
3.3994
5.3259
11.031
5.3669
4.9377
4.9377
0.80564
5.7819
1.0143
3.3994
11.488
11.031
11.877
1.0143
17.143
4.1387
1.0143
11.488
7.5155
6.889
6.889
0.80564
1.0143
8.7711
14.442
3.8851
3.8851
6.889
7.5155
14.442
0.80564
4.9377
18.199
19.418
12.326
3.3287
10.142
6.636
18.199
11.877
11.877
6.7753
8.7711
3.8851
8.8182
5.7819
18.199
29.393
4.5555
4.5198
6.7753
11.031
14.442
4.9377
6.7753
6.636
8.8182
27.626
3.8851
14.442
6.636
0.80564
4.5555
32.379
6.636
19.418
27.626
12.326
17.143
14.442
12.326
4.9377
7.5155
12.326
4.5555
19.418
6.0078
0.80564
6.7753
5.3669
11.488
27.626
32.379
6.0078
5.7819
9.726
5.3259
17.143
6.7753
29.393
18.199
7.5155
23.53
32.379
4.9377
1.0143
14.442
4.9377
10.602
4.5555
18.199
7.5155
1.0143
11.877
6.0078
6.7753
4.1387
7.5155
21.872
9.726
3.3994
6.889
0.80564
0.80564
3.3994
17.143
3.3287
9.726
5.3669
5.7819
6.0078
23.53
0.80564
21.872
12.326
4.1387
32.379
5.7819
21.872
19.418
6.0078
3.3994
23.53
6.0078
11.031
6.0078
27.626
5.3259
7.5155
6.889
14.752
4.5555
3.3994
19.418
1.0143
6.889
6.7753
0.80564
8.7711
18.199
17.143
27.626
5.3669
6.7753
6.889
4.1387
14.752
29.393
0.80564
4.5198
7.5155
6.7753
11.031
11.031
21.872
1.0143
4.1387
6.889
8.7711
