1150
384.31
638.1
37.797
107.08
853.77
568
198.84
333.71
128.05
333.71
568
107.08
107.08
172.43
203.83
344.13
37.797
100.67
165.35
803.97
198.84
128.05
531.47
340.11
172.43
203.83
199.13
37.797
199.13
853.77
333.71
250.72
203.83
299.86
531.47
100.67
172.43
568
161.96
568
351.15
531.47
351.15
150.81
107.08
37.797
107.08
181.78
100.67
997.42
344.13
199.13
434.1
198.84
434.1
172.43
199.13
226
997.42
568
100.67
250.72
568
803.97
181.78
199.13
853.77
299.86
203.83
139.84
107.08
250.72
128.05
853.77
531.47
428.4
638.1
299.86
100.67
199.13
100.67
226
120.07
351.15
161.96
501.59
120.07
340.11
351.15
198.84
638.1
853.77
501.59
680.9
333.71
333.71
198.84
107.08
568
139.84
181.78
198.84
638.1
198.84
37.797
299.86
250.72
107.08
226
638.1
299.86
299.86
263.43
997.42
680.9
199.13
501.59
568
351.15
250.72
531.47
344.13
333.71
138.29
803.97
299.86
250.72
100.67
803.97
344.13
203.83
501.59
203.83
680.9
226
263.43
531.47
638.1
531.47
263.43
150.81
161.96
680.9
333.71
203.83
161.96
226
250.72
250.72
120.07
384.31
198.84
139.84
568
434.1
199.13
531.47
226
263.43
531.47
138.29
120.07
638.1
139.84
250.72
138.29
340.11
263.43
384.31
853.77
37.797
531.47
333.71
199.13
107.08
165.35
680.9
803.97
299.86
128.05
997.42
138.29
344.13
120.07
120.07
226
250.72
172.43
138.29
638.1
161.96
172.43
32.179
428.4
250.72
32.179
139.84
299.86
226
107.08
263.43
32.179
161.96
340.11
172.43
198.84
803.97
680.9
333.71
531.47
333.71
120.07
198.84
344.13
997.42
277.18
299.86
344.13
150.81
340.11
198.84
199.13
299.86
531.47
997.42
568
997.42
128.05
181.78
226
139.84
172.43
107.08
344.13
198.84
501.59
333.71
199.13
198.84
250.72
340.11
100.67
100.67
139.84
299.86
250.72
680.9
32.179
32.179
803.97
165.35
128.05
351.15
638.1
37.797
263.43
568
128.05
226
299.86
384.31
203.83
299.86
250.72
32.179
501.59
333.71
37.797
853.77
139.84
107.08
138.29
161.96
138.29
100.67
333.71
263.43
434.1
638.1
340.11
344.13
172.43
340.11
161.96
138.29
172.43
344.13
568
428.4
351.15
198.84
803.97
531.47
165.35
299.86
997.42
263.43
128.05
428.4
351.15
299.86
107.08
428.4
250.72
198.84
853.77
128.05
138.29
340.11
120.07
277.18
333.71
120.07
138.29
803.97
226
344.13
107.08
299.86
150.81
299.86
37.797
501.59
277.18
139.84
803.97
250.72
384.31
199.13
198.84
277.18
299.86
139.84
107.08
263.43
100.67
638.1
384.31
172.43
531.47
340.11
150.81
128.05
531.47
150.81
199.13
531.47
199.13
434.1
384.31
150.81
351.15
100.67
100.67
100.67
344.13
172.43
226
344.13
340.11
150.81
37.797
226
120.07
568
277.18
333.71
139.84
37.797
37.797
37.797
139.84
501.59
107.08
333.71
161.96
680.9
277.18
638.1
198.84
37.797
638.1
32.179
120.07
120.07
199.13
277.18
333.71
344.13
203.83
32.179
107.08
501.59
226
333.71
531.47
277.18
333.71
638.1
434.1
107.08
340.11
428.4
139.84
161.96
150.81
344.13
181.78
531.47
568
853.77
172.43
165.35
37.797
32.179
853.77
37.797
172.43
172.43
340.11
680.9
299.86
263.43
32.179
638.1
531.47
161.96
226
340.11
181.78
344.13
344.13
340.11
568
997.42
351.15
138.29
434.1
531.47
161.96
138.29
501.59
263.43
100.67
853.77
100.67
680.9
384.31
384.31
181.78
997.42
434.1
997.42
120.07
32.179
198.84
680.9
199.13
384.31
344.13
198.84
165.35
351.15
638.1
161.96
384.31
139.84
333.71
299.86
198.84
181.78
501.59
250.72
277.18
198.84
340.11
226
150.81
333.71
434.1
568
803.97
161.96
181.78
172.43
100.67
568
384.31
32.179
37.797
501.59
299.86
501.59
32.179
680.9
150.81
172.43
139.84
203.83
568
680.9
501.59
203.83
428.4
803.97
638.1
172.43
680.9
351.15
344.13
277.18
277.18
263.43
165.35
638.1
128.05
277.18
340.11
139.84
638.1
32.179
181.78
250.72
120.07
680.9
638.1
32.179
568
340.11
680.9
165.35
531.47
37.797
138.29
340.11
340.11
299.86
203.83
181.78
263.43
333.71
165.35
263.43
199.13
199.13
128.05
428.4
531.47
277.18
853.77
100.67
434.1
428.4
250.72
351.15
568
340.11
37.797
333.71
120.07
150.81
568
198.84
198.84
165.35
250.72
428.4
277.18
638.1
638.1
172.43
226
501.59
299.86
37.797
172.43
853.77
198.84
333.71
107.08
428.4
997.42
250.72
172.43
250.72
203.83
120.07
333.71
165.35
138.29
128.05
172.43
997.42
434.1
161.96
128.05
172.43
161.96
638.1
997.42
172.43
340.11
997.42
100.67
263.43
638.1
32.179
199.13
997.42
181.78
428.4
203.83
568
107.08
299.86
277.18
997.42
531.47
199.13
501.59
120.07
165.35
172.43
161.96
198.84
128.05
638.1
263.43
997.42
100.67
384.31
199.13
997.42
340.11
37.797
138.29
428.4
100.67
680.9
250.72
199.13
172.43
250.72
138.29
531.47
181.78
568
299.86
384.31
351.15
100.67
199.13
172.43
434.1
680.9
138.29
165.35
344.13
120.07
100.67
263.43
299.86
37.797
568
384.31
165.35
120.07
501.59
226
434.1
428.4
161.96
120.07
568
997.42
263.43
351.15
333.71
120.07
680.9
138.29
32.179
531.47
277.18
333.71
226
203.83
199.13
203.83
37.797
997.42
853.77
853.77
37.797
277.18
250.72
384.31
263.43
139.84
344.13
172.43
428.4
277.18
165.35
161.96
299.86
150.81
107.08
128.05
165.35
32.179
37.797
161.96
150.81
568
120.07
501.59
107.08
120.07
165.35
161.96
181.78
150.81
568
299.86
139.84
434.1
340.11
37.797
150.81
434.1
680.9
277.18
139.84
203.83
531.47
172.43
340.11
128.05
263.43
340.11
333.71
250.72
351.15
250.72
340.11
128.05
226
32.179
172.43
434.1
150.81
434.1
384.31
501.59
120.07
250.72
568
428.4
568
100.67
32.179
161.96
128.05
198.84
434.1
199.13
853.77
107.08
107.08
250.72
138.29
803.97
568
139.84
997.42
531.47
203.83
32.179
531.47
32.179
434.1
138.29
172.43
384.31
226
198.84
428.4
128.05
199.13
37.797
165.35
680.9
107.08
428.4
172.43
250.72
853.77
161.96
37.797
198.84
853.77
37.797
100.67
203.83
37.797
203.83
107.08
161.96
568
680.9
263.43
803.97
997.42
803.97
139.84
128.05
139.84
100.67
128.05
172.43
333.71
198.84
333.71
138.29
384.31
853.77
428.4
997.42
226
803.97
165.35
680.9
638.1
199.13
198.84
333.71
199.13
803.97
203.83
100.67
32.179
32.179
501.59
501.59
428.4
853.77
165.35
997.42
299.86
199.13
344.13
434.1
531.47
138.29
568
997.42
680.9
150.81
161.96
853.77
340.11
997.42
501.59
250.72
344.13
428.4
203.83
161.96
172.43
428.4
853.77
299.86
172.43
139.84
161.96
250.72
161.96
250.72
277.18
138.29
501.59
351.15
37.797
107.08
680.9
501.59
434.1
150.81
161.96
198.84
531.47
853.77
428.4
340.11
531.47
100.67
333.71
997.42
128.05
351.15
198.84
299.86
150.81
568
181.78
203.83
32.179
203.83
165.35
853.77
340.11
351.15
531.47
100.67
384.31
263.43
531.47
853.77
32.179
203.83
198.84
165.35
428.4
263.43
37.797
531.47
107.08
181.78
226
997.42
351.15
250.72
803.97
803.97
344.13
139.84
32.179
501.59
263.43
531.47
351.15
107.08
351.15
277.18
344.13
198.84
333.71
150.81
100.67
263.43
120.07
120.07
150.81
428.4
333.71
299.86
997.42
181.78
138.29
150.81
997.42
434.1
384.31
853.77
198.84
138.29
680.9
226
150.81
299.86
853.77
32.179
997.42
100.67
120.07
568
803.97
107.08
333.71
128.05
344.13
161.96
568
250.72
997.42
384.31
428.4
263.43
37.797
803.97
997.42
638.1
299.86
120.07
128.05
277.18
434.1
138.29
250.72
37.797
638.1
384.31
32.179
531.47
434.1
531.47
263.43
997.42
198.84
150.81
37.797
568
351.15
107.08
340.11
37.797
277.18
351.15
165.35
226
568
172.43
997.42
997.42
139.84
344.13
277.18
501.59
172.43
501.59
203.83
277.18
37.797
501.59
501.59
384.31
199.13
351.15
226
181.78
128.05
384.31
340.11
680.9
680.9
226
501.59
161.96
150.81
568
997.42
680.9
568
428.4
638.1
344.13
139.84
32.179
638.1
501.59
344.13
803.97
263.43
128.05
333.71
351.15
263.43
199.13
120.07
250.72
139.84
203.83
997.42
340.11
139.84
299.86
277.18
333.71
997.42
128.05
384.31
161.96
277.18
161.96
531.47
997.42
299.86
680.9
120.07
107.08
344.13
150.81
32.179
299.86
997.42
199.13
120.07
250.72
120.07
161.96
853.77
263.43
803.97
100.67
680.9
277.18
100.67
384.31
333.71
107.08
434.1
250.72
120.07
128.05
250.72
997.42
128.05
803.97
803.97
161.96
199.13
138.29
150.81
100.67
138.29
853.77
161.96
139.84
150.81
568
351.15
428.4
340.11
37.797
277.18
37.797
680.9
120.07
997.42
100.67
203.83
531.47
299.86
226
37.797
434.1
277.18
344.13
138.29
