1150
203.83
203.83
803.97
199.13
333.71
680.9
161.96
344.13
150.81
199.13
501.59
100.67
263.43
384.31
997.42
680.9
803.97
997.42
203.83
263.43
172.43
351.15
344.13
501.59
299.86
384.31
172.43
203.83
120.07
344.13
37.797
107.08
128.05
501.59
37.797
32.179
428.4
299.86
181.78
568
161.96
263.43
181.78
165.35
150.81
351.15
344.13
161.96
172.43
340.11
299.86
32.179
277.18
680.9
853.77
531.47
263.43
150.81
340.11
351.15
250.72
37.797
568
263.43
181.78
150.81
100.67
263.43
344.13
37.797
853.77
853.77
263.43
803.97
853.77
139.84
299.86
128.05
299.86
997.42
263.43
250.72
501.59
250.72
501.59
568
226
181.78
139.84
680.9
568
32.179
32.179
333.71
161.96
333.71
139.84
107.08
32.179
107.08
139.84
568
434.1
568
803.97
139.84
501.59
199.13
107.08
100.67
199.13
428.4
263.43
138.29
150.81
161.96
351.15
161.96
531.47
199.13
139.84
277.18
299.86
37.797
344.13
199.13
198.84
568
853.77
501.59
299.86
277.18
37.797
107.08
384.31
32.179
384.31
199.13
150.81
37.797
172.43
501.59
139.84
384.31
100.67
531.47
638.1
138.29
299.86
203.83
139.84
344.13
997.42
384.31
32.179
531.47
340.11
32.179
100.67
226
351.15
199.13
181.78
139.84
107.08
128.05
199.13
128.05
150.81
165.35
226
428.4
138.29
344.13
198.84
150.81
120.07
853.77
568
638.1
161.96
138.29
340.11
351.15
203.83
680.9
199.13
568
434.1
165.35
340.11
32.179
501.59
263.43
501.59
172.43
333.71
434.1
299.86
165.35
531.47
32.179
32.179
172.43
803.97
680.9
351.15
299.86
203.83
165.35
680.9
161.96
100.67
199.13
531.47
638.1
263.43
333.71
250.72
680.9
299.86
150.81
181.78
680.9
803.97
128.05
344.13
531.47
263.43
32.179
226
139.84
333.71
198.84
203.83
100.67
32.179
853.77
434.1
37.797
37.797
333.71
32.179
344.13
32.179
161.96
434.1
351.15
299.86
32.179
161.96
203.83
340.11
32.179
333.71
344.13
434.1
226
181.78
384.31
501.59
299.86
139.84
120.07
568
340.11
138.29
226
128.05
638.1
997.42
138.29
198.84
340.11
428.4
199.13
428.4
351.15
803.97
181.78
203.83
172.43
680.9
638.1
203.83
333.71
501.59
161.96
226
198.84
199.13
428.4
340.11
501.59
340.11
32.179
181.78
139.84
638.1
384.31
37.797
384.31
568
172.43
277.18
198.84
340.11
333.71
107.08
139.84
340.11
344.13
434.1
434.1
172.43
139.84
128.05
568
165.35
531.47
165.35
351.15
803.97
531.47
277.18
37.797
344.13
997.42
263.43
428.4
199.13
161.96
434.1
199.13
250.72
150.81
199.13
501.59
181.78
150.81
100.67
165.35
128.05
37.797
32.179
150.81
172.43
568
638.1
263.43
531.47
226
107.08
531.47
680.9
165.35
333.71
128.05
434.1
139.84
139.84
138.29
803.97
139.84
344.13
161.96
997.42
37.797
428.4
181.78
680.9
165.35
803.97
351.15
638.1
120.07
340.11
384.31
501.59
198.84
226
434.1
150.81
100.67
531.47
299.86
139.84
150.81
203.83
37.797
384.31
434.1
199.13
120.07
181.78
680.9
150.81
434.1
277.18
531.47
32.179
120.07
165.35
263.43
128.05
199.13
107.08
333.71
120.07
250.72
128.05
434.1
107.08
680.9
299.86
172.43
120.07
997.42
32.179
138.29
226
150.81
203.83
161.96
384.31
32.179
277.18
434.1
384.31
997.42
501.59
128.05
853.77
161.96
853.77
344.13
203.83
434.1
384.31
638.1
139.84
299.86
198.84
344.13
501.59
165.35
203.83
150.81
344.13
568
172.43
120.07
299.86
138.29
198.84
199.13
384.31
100.67
107.08
997.42
172.43
100.67
351.15
351.15
203.83
531.47
333.71
263.43
501.59
128.05
32.179
120.07
181.78
138.29
333.71
568
120.07
853.77
172.43
568
344.13
100.67
853.77
384.31
128.05
165.35
340.11
37.797
997.42
428.4
172.43
138.29
138.29
501.59
803.97
199.13
428.4
150.81
277.18
344.13
32.179
165.35
853.77
428.4
277.18
803.97
139.84
250.72
139.84
853.77
351.15
32.179
100.67
531.47
333.71
120.07
263.43
107.08
638.1
853.77
199.13
120.07
165.35
199.13
351.15
333.71
32.179
161.96
997.42
100.67
384.31
198.84
531.47
680.9
344.13
150.81
333.71
434.1
226
250.72
277.18
568
198.84
120.07
531.47
263.43
299.86
384.31
107.08
100.67
428.4
172.43
299.86
333.71
139.84
568
138.29
351.15
853.77
32.179
340.11
333.71
997.42
199.13
150.81
181.78
181.78
638.1
198.84
181.78
531.47
340.11
150.81
250.72
120.07
263.43
161.96
139.84
568
226
161.96
263.43
172.43
428.4
198.84
333.71
128.05
250.72
138.29
277.18
139.84
263.43
150.81
120.07
531.47
161.96
128.05
803.97
120.07
32.179
638.1
199.13
37.797
803.97
277.18
100.67
32.179
139.84
263.43
333.71
172.43
277.18
128.05
428.4
299.86
277.18
568
531.47
198.84
139.84
997.42
139.84
638.1
250.72
638.1
139.84
37.797
351.15
531.47
428.4
100.67
803.97
250.72
32.179
997.42
428.4
181.78
351.15
299.86
263.43
37.797
803.97
100.67
165.35
139.84
100.67
198.84
128.05
384.31
340.11
161.96
853.77
351.15
139.84
138.29
531.47
203.83
299.86
120.07
803.97
568
128.05
181.78
161.96
100.67
37.797
139.84
37.797
803.97
165.35
568
344.13
501.59
351.15
680.9
161.96
333.71
277.18
277.18
203.83
803.97
340.11
199.13
138.29
384.31
568
181.78
997.42
226
139.84
120.07
139.84
997.42
100.67
107.08
150.81
138.29
568
853.77
344.13
384.31
333.71
100.67
250.72
803.97
139.84
120.07
138.29
568
138.29
803.97
100.67
128.05
277.18
165.35
680.9
638.1
139.84
333.71
139.84
340.11
107.08
37.797
853.77
165.35
107.08
198.84
172.43
568
501.59
638.1
199.13
199.13
428.4
568
428.4
340.11
203.83
120.07
428.4
428.4
100.67
100.67
139.84
198.84
531.47
333.71
277.18
434.1
333.71
680.9
263.43
165.35
568
853.77
32.179
165.35
199.13
37.797
531.47
172.43
138.29
384.31
107.08
680.9
250.72
299.86
128.05
172.43
226
340.11
172.43
263.43
198.84
128.05
428.4
128.05
384.31
853.77
37.797
638.1
853.77
428.4
384.31
203.83
531.47
181.78
120.07
434.1
428.4
165.35
428.4
997.42
263.43
351.15
428.4
32.179
250.72
384.31
107.08
351.15
165.35
568
568
37.797
107.08
120.07
32.179
333.71
277.18
344.13
263.43
181.78
120.07
638.1
128.05
181.78
428.4
198.84
128.05
198.84
128.05
107.08
434.1
638.1
250.72
181.78
226
161.96
340.11
165.35
299.86
226
434.1
531.47
299.86
199.13
299.86
997.42
277.18
803.97
501.59
803.97
37.797
138.29
199.13
531.47
428.4
351.15
638.1
853.77
568
161.96
100.67
277.18
344.13
181.78
277.18
32.179
107.08
531.47
150.81
199.13
138.29
997.42
172.43
434.1
120.07
344.13
434.1
172.43
161.96
428.4
531.47
165.35
32.179
638.1
181.78
199.13
531.47
333.71
853.77
100.67
139.84
263.43
37.797
37.797
299.86
138.29
680.9
203.83
138.29
32.179
428.4
277.18
344.13
37.797
250.72
428.4
853.77
277.18
531.47
568
638.1
165.35
434.1
803.97
333.71
384.31
165.35
263.43
351.15
277.18
161.96
120.07
501.59
203.83
198.84
32.179
139.84
181.78
434.1
199.13
250.72
680.9
434.1
181.78
203.83
351.15
120.07
434.1
150.81
172.43
531.47
803.97
333.71
434.1
198.84
340.11
37.797
139.84
384.31
120.07
434.1
333.71
299.86
165.35
161.96
853.77
161.96
100.67
100.67
226
107.08
139.84
226
172.43
351.15
351.15
199.13
340.11
299.86
107.08
181.78
277.18
120.07
165.35
531.47
803.97
138.29
32.179
638.1
384.31
299.86
680.9
100.67
181.78
120.07
263.43
299.86
568
531.47
199.13
803.97
853.77
263.43
531.47
333.71
531.47
340.11
501.59
199.13
638.1
803.97
181.78
107.08
997.42
333.71
139.84
150.81
340.11
181.78
680.9
198.84
384.31
150.81
434.1
150.81
531.47
120.07
107.08
680.9
203.83
263.43
32.179
853.77
172.43
638.1
37.797
250.72
139.84
150.81
333.71
100.67
263.43
351.15
120.07
138.29
263.43
344.13
997.42
172.43
150.81
226
263.43
150.81
501.59
428.4
344.13
680.9
150.81
172.43
161.96
531.47
263.43
277.18
198.84
501.59
344.13
37.797
997.42
340.11
128.05
568
501.59
299.86
226
638.1
100.67
333.71
138.29
199.13
165.35
165.35
139.84
250.72
340.11
853.77
250.72
428.4
181.78
384.31
384.31
531.47
344.13
680.9
226
37.797
568
340.11
139.84
344.13
181.78
138.29
120.07
428.4
107.08
997.42
100.67
37.797
638.1
226
531.47
150.81
107.08
139.84
501.59
128.05
263.43
250.72
333.71
100.67
150.81
120.07
150.81
120.07
680.9
351.15
384.31
203.83
32.179
680.9
128.05
997.42
181.78
434.1
199.13
299.86
107.08
501.59
37.797
198.84
263.43
853.77
100.67
997.42
434.1
384.31
434.1
107.08
428.4
531.47
139.84
165.35
107.08
638.1
198.84
333.71
165.35
501.59
37.797
340.11
250.72
198.84
434.1
263.43
531.47
32.179
263.43
501.59
