1150
11.877
27.626
11.877
14.752
5.7819
6.636
23.53
23.53
5.3259
14.752
4.5555
11.031
11.031
0.80564
4.5555
8.7711
3.3994
3.8851
12.326
4.5555
29.393
11.877
10.142
3.3994
17.143
3.3287
11.488
0.80564
27.626
6.636
11.488
10.142
6.7753
27.626
8.7711
1.0143
11.031
8.7711
3.3994
1.0143
11.877
5.3669
3.8851
7.5155
5.3669
9.726
6.7753
0.80564
11.488
27.626
6.636
19.418
10.602
10.602
23.53
4.1387
29.393
8.7711
0.80564
5.3669
21.872
3.3994
4.1387
6.0078
32.379
19.418
29.393
6.7753
11.031
6.889
3.8851
10.142
27.626
7.5155
3.3994
6.7753
21.872
5.3669
21.872
23.53
6.636
8.7711
3.8851
5.7819
7.5155
19.418
5.3669
21.872
3.8851
8.7711
12.326
29.393
5.3669
11.488
23.53
11.488
11.877
5.3669
5.7819
3.3287
32.379
19.418
5.7819
18.199
4.9377
11.877
4.9377
29.393
11.488
18.199
8.7711
8.7711
11.877
3.3994
29.393
14.752
4.1387
32.379
14.752
19.418
14.442
32.379
4.9377
6.636
8.8182
6.636
4.1387
5.7819
23.53
32.379
8.8182
8.7711
5.7819
4.1387
7.5155
4.5555
4.1387
32.379
9.726
6.889
14.442
8.7711
14.752
1.0143
3.3287
17.143
12.326
29.393
32.379
5.3669
14.442
8.7711
6.7753
8.8182
10.142
6.889
11.031
29.393
29.393
14.752
14.752
3.3287
3.3287
6.7753
7.5155
8.7711
4.9377
14.752
11.877
3.8851
8.7711
14.442
10.142
21.872
3.8851
21.872
21.872
32.379
14.752
4.5555
12.326
12.326
6.7753
17.143
8.7711
12.326
19.418
5.7819
11.488
18.199
11.031
27.626
14.442
8.7711
8.8182
29.393
8.7711
3.8851
21.872
10.602
3.3287
11.877
4.5198
8.8182
5.3259
23.53
11.488
11.877
32.379
4.5555
11.488
23.53
0.80564
8.8182
3.3994
12.326
4.1387
6.0078
9.726
6.0078
11.877
8.8182
9.726
3.3994
11.031
4.5198
8.8182
3.3287
19.418
11.031
14.752
0.80564
14.442
11.488
11.031
11.488
27.626
11.488
14.442
14.442
3.3994
29.393
9.726
4.5555
17.143
11.031
17.143
6.0078
5.3669
11.877
4.1387
6.889
3.8851
18.199
14.442
10.142
32.379
7.5155
5.7819
9.726
21.872
17.143
6.7753
11.488
3.3287
1.0143
12.326
11.877
10.602
8.7711
23.53
27.626
6.636
4.5555
7.5155
8.8182
23.53
21.872
14.442
4.5555
14.752
5.3669
1.0143
14.442
5.3259
19.418
0.80564
6.0078
6.7753
4.5198
4.9377
4.5555
23.53
5.7819
4.5555
7.5155
10.602
4.5555
11.877
10.602
6.0078
3.3994
32.379
19.418
0.80564
4.5198
32.379
21.872
4.1387
19.418
8.8182
0.80564
14.752
0.80564
21.872
8.7711
12.326
3.3994
12.326
4.5198
3.3994
1.0143
10.602
6.636
9.726
4.5198
11.877
7.5155
10.602
11.031
3.3994
7.5155
19.418
8.7711
11.031
14.442
10.602
3.3994
17.143
4.5198
3.8851
7.5155
27.626
29.393
17.143
3.3287
19.418
5.3259
19.418
3.8851
17.143
29.393
27.626
27.626
23.53
14.442
5.3259
7.5155
11.031
6.889
14.442
19.418
7.5155
23.53
18.199
6.889
17.143
17.143
32.379
11.031
4.5555
11.877
0.80564
29.393
11.877
10.142
8.8182
10.142
5.3259
6.889
21.872
3.3287
6.0078
4.5555
1.0143
6.7753
12.326
5.3669
3.8851
11.031
6.0078
10.602
32.379
4.1387
4.9377
1.0143
9.726
4.5555
7.5155
6.636
0.80564
27.626
4.9377
3.8851
4.1387
32.379
6.889
27.626
18.199
8.7711
14.442
5.3259
18.199
5.3259
11.488
8.7711
4.5198
18.199
9.726
7.5155
32.379
10.142
6.0078
18.199
5.3669
5.7819
4.1387
11.877
32.379
3.3287
4.1387
4.1387
6.0078
10.142
10.602
7.5155
1.0143
6.7753
8.7711
1.0143
9.726
17.143
3.3287
4.9377
11.488
27.626
7.5155
27.626
4.5555
6.7753
10.602
17.143
23.53
4.1387
5.7819
12.326
4.1387
18.199
4.1387
14.752
8.7711
3.3287
17.143
29.393
6.889
3.3994
6.0078
6.636
5.3669
17.143
29.393
4.5198
5.7819
0.80564
5.7819
1.0143
6.7753
0.80564
6.0078
11.877
8.7711
4.1387
8.7711
4.1387
4.9377
27.626
7.5155
4.5198
5.3669
3.3994
4.5555
8.7711
4.9377
19.418
6.0078
17.143
23.53
8.8182
6.0078
3.3994
5.7819
10.602
6.7753
11.488
1.0143
4.5198
4.9377
17.143
5.3259
10.602
11.031
11.488
14.752
4.5555
14.442
11.877
4.1387
8.8182
6.889
9.726
23.53
10.142
4.5555
21.872
6.7753
27.626
3.8851
32.379
6.0078
6.636
11.031
14.752
3.3994
1.0143
3.3994
18.199
6.0078
32.379
17.143
18.199
17.143
17.143
9.726
6.889
11.031
6.889
10.142
5.3259
19.418
5.7819
29.393
4.9377
6.7753
14.442
23.53
14.442
14.752
11.877
1.0143
6.889
7.5155
11.488
10.142
27.626
10.602
23.53
0.80564
14.752
10.142
17.143
5.3669
3.8851
11.031
14.442
11.488
6.889
14.752
4.5198
3.3994
8.7711
4.1387
14.442
19.418
11.031
12.326
4.1387
14.752
11.877
4.1387
6.636
1.0143
8.7711
0.80564
4.1387
11.877
3.8851
5.3669
3.8851
3.8851
21.872
10.142
5.7819
14.752
6.7753
12.326
12.326
11.877
29.393
6.7753
3.8851
4.1387
10.602
6.636
8.8182
21.872
17.143
3.3287
6.0078
5.7819
9.726
6.636
10.142
6.0078
3.3287
11.877
0.80564
18.199
17.143
18.199
19.418
3.8851
11.877
6.0078
4.1387
3.3994
10.142
4.5198
4.5555
8.7711
3.3994
19.418
14.442
23.53
0.80564
23.53
0.80564
12.326
14.442
11.031
11.877
11.031
3.3287
3.8851
1.0143
32.379
11.877
32.379
6.0078
6.0078
11.031
4.5198
29.393
4.9377
10.602
4.9377
6.636
9.726
11.877
14.442
10.142
3.3994
5.3669
18.199
5.7819
4.1387
9.726
11.488
11.877
8.8182
10.602
9.726
14.752
3.3994
8.7711
11.488
18.199
29.393
0.80564
8.8182
11.488
11.488
4.9377
3.3994
8.8182
14.752
10.602
0.80564
19.418
4.9377
18.199
6.636
3.3287
6.889
8.7711
11.031
5.7819
8.7711
3.8851
7.5155
11.877
6.636
11.031
18.199
6.889
21.872
3.3287
23.53
6.636
6.889
10.142
32.379
9.726
7.5155
3.3287
32.379
21.872
3.8851
11.031
14.442
14.442
12.326
9.726
6.7753
4.5198
18.199
18.199
7.5155
4.5198
9.726
32.379
17.143
4.5198
27.626
8.7711
6.889
6.7753
10.142
8.7711
14.752
1.0143
7.5155
19.418
11.877
9.726
3.3994
29.393
4.1387
23.53
0.80564
27.626
10.602
6.889
8.8182
11.031
10.142
11.031
0.80564
32.379
11.488
6.889
6.7753
14.442
3.8851
32.379
23.53
3.3287
12.326
29.393
10.142
12.326
12.326
5.7819
11.488
1.0143
3.3287
23.53
8.8182
14.752
21.872
4.9377
3.3994
32.379
21.872
8.8182
29.393
21.872
19.418
21.872
5.3259
17.143
11.877
3.8851
21.872
11.877
21.872
3.3994
18.199
11.488
19.418
29.393
19.418
7.5155
4.5555
4.5198
4.9377
11.877
29.393
4.1387
5.3259
9.726
32.379
6.7753
8.7711
29.393
11.031
11.488
12.326
11.877
27.626
11.488
12.326
29.393
14.442
6.7753
8.8182
10.142
14.442
9.726
7.5155
3.3994
14.752
23.53
5.3259
3.3287
3.8851
19.418
6.636
14.442
0.80564
11.877
18.199
7.5155
10.142
6.889
8.8182
29.393
27.626
12.326
3.3994
11.488
3.3287
0.80564
6.889
10.142
0.80564
3.8851
5.7819
0.80564
10.602
4.5555
3.3994
21.872
7.5155
5.3669
23.53
3.3287
12.326
10.602
10.602
5.3669
14.442
3.3994
5.3669
11.877
10.602
14.752
19.418
8.7711
8.8182
1.0143
10.602
6.7753
5.3259
4.1387
18.199
5.7819
14.442
4.9377
9.726
5.3259
8.7711
1.0143
4.9377
0.80564
29.393
4.1387
10.142
21.872
3.3994
5.3669
6.0078
0.80564
5.3669
21.872
32.379
21.872
32.379
8.8182
6.0078
6.636
14.442
11.877
19.418
19.418
17.143
3.3994
8.8182
19.418
10.142
14.442
6.0078
27.626
4.9377
11.488
4.9377
12.326
4.9377
6.7753
4.9377
19.418
0.80564
7.5155
5.7819
4.9377
6.636
4.1387
5.3669
1.0143
4.5198
14.752
10.602
0.80564
4.5555
23.53
6.0078
5.3259
10.602
4.5555
11.488
6.0078
10.142
3.3287
10.602
4.5198
3.3994
23.53
6.889
5.7819
6.889
21.872
3.3287
9.726
27.626
19.418
18.199
9.726
32.379
1.0143
29.393
6.7753
27.626
0.80564
5.3259
8.8182
23.53
23.53
8.7711
10.602
23.53
9.726
3.8851
18.199
4.5555
4.9377
14.442
4.1387
27.626
4.9377
21.872
6.889
29.393
12.326
12.326
27.626
6.0078
8.8182
4.9377
5.3259
7.5155
5.3669
11.877
1.0143
5.3669
10.602
0.80564
14.752
5.7819
3.3287
14.752
29.393
3.3994
10.602
29.393
6.0078
14.442
8.7711
27.626
18.199
11.031
9.726
9.726
5.3669
19.418
8.7711
3.8851
11.031
9.726
3.8851
10.602
5.7819
29.393
0.80564
11.488
32.379
17.143
23.53
32.379
1.0143
4.5198
21.872
27.626
32.379
11.488
8.8182
29.393
1.0143
27.626
17.143
14.442
5.3669
17.143
27.626
17.143
3.3994
3.8851
4.5555
12.326
6.636
11.488
7.5155
6.889
23.53
32.379
19.418
32.379
14.442
21.872
32.379
5.3669
11.488
14.752
6.889
7.5155
7.5155
8.8182
7.5155
0.80564
4.5555
3.3287
3.8851
7.5155
11.488
4.1387
0.80564
18.199
18.199
6.7753
11.488
5.3669
6.889
10.602
14.752
3.3287
11.488
32.379
8.8182
12.326
10.142
6.7753
12.326
11.031
18.199
6.636
12.326
5.3259
27.626
10.142
4.1387
11.031
8.7711
8.8182
10.602
11.031
4.5555
5.3669
1.0143
5.3259
5.3259
23.53
11.031
5.7819
12.326
0.80564
29.393
10.142
3.8851
8.8182
10.142
5.3259
5.7819
5.7819
19.418
11.031
21.872
6.636
5.3669
12.326
10.602
6.7753
18.199
