500
16.78
66.11
55.53
28.09
23.50
16.00
63.93
6.94
17.78
21.03
7.54
16.78
42.14
28.09
21.91
18.98
25.92
17.78
21.03
20.05
49.13
38.90
21.91
32.24
20.37
20.05
20.05
36.35
29.18
14.06
14.06
20.05
23.93
20.37
36.35
66.11
42.55
35.49
42.55
42.14
34.98
42.55
23.50
34.98
18.98
20.37
6.94
21.91
16.78
23.50
16.78
49.13
42.14
14.71
49.13
18.98
14.71
35.80
66.11
49.13
35.49
21.03
20.05
23.93
21.91
55.53
6.94
38.90
21.91
20.37
35.80
63.93
57.88
71.54
14.06
16.00
71.54
14.71
36.35
63.93
16.78
55.53
6.94
21.91
18.98
71.54
51.41
47.18
57.88
47.18
51.41
21.03
42.14
35.80
20.37
21.91
57.88
7.54
38.90
17.93
49.13
17.93
14.71
35.49
14.71
47.18
57.88
21.03
20.37
6.94
28.09
71.54
42.14
21.03
34.98
47.18
16.00
32.24
55.53
36.35
18.98
21.91
30.35
14.06
23.50
18.98
28.09
49.13
23.48
29.18
14.71
57.88
17.93
23.48
35.80
42.55
17.78
29.18
71.54
38.90
14.06
7.54
28.09
25.92
28.09
16.78
21.91
55.53
42.14
23.93
57.88
14.71
17.78
66.11
14.71
23.48
20.37
14.06
17.93
23.93
20.37
38.90
18.98
66.11
20.37
16.78
30.35
47.18
23.93
71.54
23.93
20.37
18.98
66.11
18.98
23.50
18.98
20.05
23.93
71.54
57.88
30.35
34.98
14.06
32.24
57.88
25.92
23.50
14.71
35.80
71.54
36.35
23.93
35.80
34.98
42.14
35.80
29.18
63.93
34.98
35.80
38.90
51.41
23.48
38.90
29.18
23.48
23.93
36.35
18.98
71.54
71.54
20.37
21.91
71.54
47.18
47.18
35.49
49.13
25.92
49.13
16.00
29.18
38.90
18.98
30.35
23.48
47.18
36.35
71.54
63.93
32.24
14.06
23.50
17.78
71.54
29.18
55.53
35.80
25.92
14.71
66.11
35.49
16.78
23.50
55.53
30.35
30.35
23.93
17.78
18.98
20.37
30.35
32.24
23.50
57.88
20.37
35.80
20.37
20.05
21.91
49.13
30.35
34.98
18.98
14.71
35.80
71.54
14.71
17.78
6.94
51.41
28.09
25.92
57.88
23.93
30.35
38.90
14.06
29.18
28.09
51.41
35.49
16.00
34.98
16.78
23.50
30.35
55.53
35.80
47.18
16.00
29.18
57.88
14.71
35.49
14.06
23.50
38.90
14.71
49.13
35.49
57.88
35.49
23.50
35.80
28.09
14.71
35.49
66.11
28.09
34.98
34.98
18.98
36.35
16.78
42.55
17.93
17.78
42.14
20.05
16.78
35.49
20.05
20.05
51.41
23.50
14.71
17.78
23.48
55.53
34.98
20.05
21.91
55.53
57.88
25.92
20.05
30.35
17.78
51.41
18.98
17.78
6.94
21.03
30.35
49.13
47.18
6.94
23.48
28.09
25.92
7.54
35.49
32.24
20.37
23.93
16.00
20.37
42.55
7.54
20.05
71.54
25.92
16.78
55.53
7.54
16.00
20.05
42.55
57.88
18.98
36.35
49.13
66.11
55.53
23.50
63.93
23.93
16.78
21.03
36.35
63.93
66.11
34.98
66.11
23.50
7.54
20.37
7.54
55.53
23.93
14.71
16.00
18.98
18.98
55.53
42.55
21.91
23.48
34.98
30.35
21.91
51.41
20.05
63.93
23.50
36.35
20.05
7.54
63.93
30.35
36.35
34.98
42.55
71.54
42.14
51.41
71.54
42.55
16.78
21.03
7.54
38.90
66.11
42.14
42.14
17.78
21.91
32.24
25.92
51.41
49.13
21.03
25.92
36.35
34.98
16.00
6.94
16.00
18.98
25.92
30.35
71.54
38.90
71.54
7.54
35.49
66.11
20.05
66.11
57.88
17.93
42.14
17.78
14.71
21.03
21.91
23.50
20.37
21.03
38.90
66.11
14.71
20.37
34.98
49.13
47.18
32.24
7.54
36.35
51.41
14.06
21.91
20.05
23.93
21.03
66.11
16.00
17.93
57.88
35.49
23.50
21.91
35.80
42.14
42.14
66.11
7.54
23.93
6.94
38.90
47.18
32.24
6.94
6.94
71.54
17.93
49.13
21.91